0
0
0
0
0
0
0
0
0
0
0
0
0
0
0
0
0
0
0
0
0
0
0
0
0
0
0
0
0
0
0
0
0
0
0
0
0
0
0
0
0
0
0
0
0
0
0
0
0
0
0
0
0
0
0
0
0
0
0
0
0
0
0
0
0
0
0
0
0
0
0
0
0
0
0
0
0
0
0
0
0
0
0
0
0
0
0
0
0
0
0
0
0
0
0
0
0
0
0
0
0
0
0
0
0
0
0
0
0
0
0
0
0
0
0
0
0
0
0
0
0
0
0
0
0
0
0
0
0
0
0
0
0
0
0
0
0
0
0
0
0
-0.0512085
-0.998688
0
-0.0512085
-0.998688
0
-0.0512085
-0.998688
0
-0.153137
-0.988205
0
-0.153137
-0.988205
0
-0.252611
-0.967568
0
-0.252608
-0.967569
0
-0.348358
-0.937362
0
-0.348358
-0.937362
0
-0.43939
-0.898296
0
-0.43939
-0.898296
0
-0.439396
-0.898293
0
-0.525012
-0.851095
0
-0.525012
-0.851095
0
-0.604723
-0.796436
0
-0.604716
-0.796441
0
-0.678188
-0.734889
0
-0.678179
-0.734896
0
-0.745118
-0.666932
0
-0.745104
-0.666948
0
-0.805203
-0.593
0
-0.805197
-0.593007
0
-0.858134
-0.513425
0
-0.85813
-0.513432
0
-0.858128
-0.513436
0
-0.90348
-0.428631
0
-0.90348
-0.428631
0
-0.940751
-0.339097
0
-0.940751
-0.339097
0
-0.969401
-0.245482
0
-0.969401
-0.245482
0
-0.988892
-0.148636
0
-0.988892
-0.148636
0
-0.998766
-0.0496674
0
-0.998765
-0.0496827
0
-0.998765
-0.0496827
0
-0.998767
0.0496522
0
-0.998767
0.0496515
0
-0.988894
0.148621
0
-0.988894
0.148621
0
-0.969401
0.245482
0
-0.9694
0.245486
0
-0.969401
0.245482
0
-0.940756
0.339083
0
-0.940747
0.33911
0
-0.903483
0.428624
0
-0.903471
0.428649
0
-0.85813
0.513432
0
-0.858134
0.513425
0
-0.80521
0.59299
0
-0.805195
0.59301
0
-0.745112
0.66694
0
-0.745118
0.666932
0
-0.678179
0.734896
0
-0.678188
0.734889
0
-0.678188
0.734889
0
-0.604731
0.79643
0
-0.60474
0.796423
0
-0.525019
0.85109
0
-0.525006
0.851099
0
-0.439396
0.898293
0
-0.439396
0.898293
0
-0.348353
0.937363
0
-0.348349
0.937365
0
-0.252626
0.967564
0
-0.252611
0.967568
0
-0.153135
0.988205
0
-0.15314
0.988205
0
-0.15314
0.988205
0
-0.0512085
0.998688
0
-0.0512085
0.998688
0
0.0512085
0.998688
0
0.0512085
0.998688
0
0.15314
0.988205
0
0.15314
0.988205
0
0.252626
0.967564
0
0.252626
0.967564
0
0.252597
0.967572
0
0.348363
0.93736
0
0.348353
0.937363
0
0.439396
0.898293
0
0.439384
0.898299
0
0.525017
0.851092
0
0.525017
0.851092
0
0.604706
0.796448
0
0.604706
0.796448
0
0.678188
0.734889
0
0.678188
0.734889
0
0.74509
0.666964
0
0.745103
0.666949
0
0.745118
0.666932
0
0.80521
0.59299
0
0.805195
0.59301
0
0.85813
0.513432
0
0.858139
0.513418
0
0.903483
0.428624
0
0.903489
0.428612
0
0.940758
0.339078
0
0.940745
0.339115
0
0.9694
0.245486
0
0.9694
0.245486
0
0.9694
0.245486
0
0.988894
0.148621
0
0.988894
0.148621
0
0.998765
0.0496819
0
0.998765
0.0496819
0
0.998765
-0.0496819
0
0.998766
-0.0496667
0
0.988892
-0.148636
0
0.988892
-0.148636
0
0.988892
-0.148636
0
0.9694
-0.245486
0
0.9694
-0.245486
0
0.940753
-0.339092
0
0.94075
-0.339101
0
0.903477
-0.428637
0
0.903477
-0.428637
0
0.85813
-0.513432
0
0.85813
-0.513432
0
0.85813
-0.513432
0
0.805203
-0.593
0
0.80521
-0.59299
0
0.745111
-0.666941
0
0.745118
-0.666932
0
0.678188
-0.734889
0
0.678195
-0.734882
0
0.604726
-0.796434
0
0.604714
-0.796443
0
0.524994
-0.851106
0
0.525001
-0.851101
0
0.43939
-0.898296
0
0.43939
-0.898296
0
0.348358
-0.937362
0
0.348358
-0.937362
0
0.348358
-0.937362
0
0.252597
-0.967572
0
0.252626
-0.967564
0
0.153137
-0.988205
0
0.153137
-0.988205
0
0.0512085
-0.998688
0
0.0512085
-0.998688
0
-0.942851
-0.285188
0.172336
-0.942851
-0.285188
-0.172336
-0.952003
-0.241709
0.187795
-0.952003
-0.241709
-0.187795
-0.954897
-0.195536
0.223468
-0.954897
-0.195536
-0.223468
-0.956958
-0.147354
0.250036
-0.956958
-0.147354
-0.250036
-0.956745
-0.101801
0.272534
-0.956745
-0.101801
-0.272534
-0.956875
-0.0606933
0.284089
-0.956875
-0.0606933
-0.284089
-0.956156
-0.0311408
0.291197
-0.956156
-0.0311408
-0.291197
-0.956078
0.013274
0.292811
-0.956078
0.013274
-0.292811
-0.95642
0.0569211
0.286392
-0.95642
0.0569211
-0.286392
-0.955586
0.107561
0.274383
-0.955586
0.107561
-0.274383
-0.956189
0.150078
0.251355
-0.956189
0.150078
-0.251355
-0.952773
0.207045
0.22216
-0.952773
0.207045
-0.22216
-0.955913
0.239327
0.170156
-0.955913
0.239327
-0.170156
-0.95957
0.249057
0.131133
-0.95957
0.249057
-0.131133
-0.899595
-0.400494
0.174165
-0.899595
-0.400494
-0.174165
-0.910642
-0.33664
0.239591
-0.910642
-0.33664
-0.239591
-0.909801
-0.293646
0.293316
-0.909801
-0.293646
-0.293316
-0.9116
-0.244007
0.330825
-0.9116
-0.244007
-0.330825
-0.911881
-0.198071
0.359502
-0.911881
-0.198071
-0.359502
-0.912281
-0.151757
0.380413
-0.912281
-0.151757
-0.380413
-0.912239
-0.107634
0.395266
-0.912239
-0.107634
-0.395266
-0.912132
-0.0659026
0.404565
-0.912132
-0.0659026
-0.404565
-0.911928
-0.0264351
0.409497
-0.911928
-0.0264351
-0.409497
-0.911833
0.015572
0.410265
-0.911833
0.015572
-0.410265
-0.911832
0.0595668
0.40622
-0.911832
0.0595668
-0.40622
-0.911702
0.104833
0.397252
-0.911702
0.104833
-0.397252
-0.91167
0.149626
0.382715
-0.91167
0.149626
-0.382715
-0.911655
0.193893
0.36234
-0.911655
0.193893
-0.36234
-0.913375
0.232217
0.334397
-0.913375
0.232217
-0.334397
-0.915938
0.266379
0.300167
-0.915938
0.266379
-0.300167
-0.915928
0.315342
0.248265
-0.915928
0.315342
-0.248265
-0.924031
0.344357
0.16609
-0.924031
0.344357
-0.16609
-0.853676
-0.495153
0.161437
-0.853676
-0.495153
-0.161437
-0.863966
-0.429563
0.262752
-0.863966
-0.429563
-0.262752
-0.863006
-0.386395
0.325452
-0.863006
-0.386395
-0.325452
-0.864805
-0.338446
0.370899
-0.864805
-0.338446
-0.370899
-0.865672
-0.292113
0.406548
-0.865672
-0.292113
-0.406548
-0.866449
-0.245638
0.434658
-0.866449
-0.245638
-0.434658
-0.866935
-0.199817
0.456614
-0.866935
-0.199817
-0.456614
-0.867223
-0.154685
0.473283
-0.867223
-0.154685
-0.473283
-0.867331
-0.110679
0.48527
-0.867331
-0.110679
-0.48527
-0.867335
-0.0679134
0.493069
-0.867335
-0.0679134
-0.493069
-0.8673
-0.0258319
0.497116
-0.8673
-0.0258319
-0.497116
-0.867283
0.0167865
0.497533
-0.867283
0.0167865
-0.497533
-0.867295
0.0602781
0.494132
-0.867295
0.0602781
-0.494132
-0.867327
0.104269
0.486695
-0.867327
0.104269
-0.486695
-0.867452
0.148076
0.474975
-0.867452
0.148076
-0.474975
-0.867835
0.190919
0.458708
-0.867835
0.190919
-0.458708
-0.868719
0.231966
0.43763
-0.868719
0.231966
-0.43763
-0.86974
0.272707
0.411319
-0.86974
0.272707
-0.411319
-0.870454
0.315442
0.377897
-0.870454
0.315442
-0.377897
-0.870698
0.359558
0.335563
-0.870698
0.359558
-0.335563
-0.870008
0.406738
0.278658
-0.870008
0.406738
-0.278658
-0.874602
0.442227
0.19876
-0.874602
0.442227
-0.19876
-0.84107
-0.522341
0.140576
-0.84107
-0.522341
-0.140576
-0.826278
-0.504576
0.250335
-0.826278
-0.504576
-0.250335
-0.819668
-0.471869
0.324782
-0.819668
-0.471869
-0.324782
-0.819355
-0.428219
0.381164
-0.819355
-0.428219
-0.381164
-0.81989
-0.383129
0.425432
-0.81989
-0.383129
-0.425432
-0.820542
-0.337528
0.461288
-0.820542
-0.337528
-0.461288
-0.821168
-0.291844
0.490418
-0.821168
-0.291844
-0.490418
-0.824403
0.275119
0.49464
-0.824403
0.275119
-0.49464
-0.824812
0.318358
0.467262
-0.824812
0.318358
-0.467262
-0.824917
0.362698
0.433547
-0.824917
0.362698
-0.433547
-0.824784
0.407796
0.391707
-0.824784
0.407796
-0.391707
-0.823892
0.454263
0.338891
-0.823892
0.454263
-0.338891
-0.823813
0.499185
0.268601
-0.823813
0.499185
-0.268601
-0.816667
0.544841
0.190272
-0.816667
0.544841
-0.190272
-0.785698
-0.586082
0.197955
-0.785698
-0.586082
-0.197955
-0.782629
-0.548492
0.294362
-0.782629
-0.548492
-0.294362
-0.78106
-0.506247
0.365594
-0.78106
-0.506247
-0.365594
-0.77795
-0.466996
0.420368
-0.77795
-0.466996
-0.420368
-0.776536
-0.424959
0.465191
-0.776536
-0.424959
-0.465191
-0.779258
0.40951
0.474403
-0.779258
0.40951
-0.474403
-0.778753
0.455051
0.431825
-0.778753
0.455051
-0.431825
-0.778024
0.500865
0.379228
-0.778024
0.500865
-0.379228
-0.776005
0.548541
0.311318
-0.776005
0.548541
-0.311318
-0.781214
0.589178
0.206334
-0.781214
0.589178
-0.206334
-0.734907
-0.643688
0.213489
-0.734907
-0.643688
-0.213489
-0.738246
-0.592604
0.322202
-0.738246
-0.592604
-0.322202
-0.736941
-0.54995
0.39303
-0.736941
-0.54995
-0.39303
-0.735398
-0.507778
0.448723
-0.735398
-0.507778
-0.448723
-0.733818
-0.465897
0.494419
-0.733818
-0.465897
-0.494419
-0.732952
0.501342
0.459823
-0.732952
0.501342
-0.459823
-0.732
0.547241
0.405836
-0.732
0.547241
-0.405836
-0.730335
0.593668
0.33789
-0.730335
0.593668
-0.33789
-0.726807
0.641383
0.245723
-0.726807
0.641383
-0.245723
-0.689168
-0.684939
0.236445
-0.689168
-0.684939
-0.236445
-0.691949
-0.639445
0.335136
-0.691949
-0.639445
-0.335136
-0.691343
-0.595524
0.409142
-0.691343
-0.595524
-0.409142
-0.690829
-0.551784
0.467214
-0.690829
-0.551784
-0.467214
-0.687622
0.546712
0.477788
-0.687622
0.546712
-0.477788
-0.686693
0.592386
0.421344
-0.686693
0.592386
-0.421344
-0.685751
0.637974
0.350335
-0.685751
0.637974
-0.350335
-0.679795
0.688075
0.253833
-0.679795
0.688075
-0.253833
-0.672477
0.72162
0.164436
-0.672477
0.72162
-0.164436
-0.65074
-0.72792
0.216032
-0.65074
-0.72792
-0.216032
-0.644369
-0.686846
0.336202
-0.644369
-0.686846
-0.336202
-0.645141
-0.641516
0.41503
-0.645141
-0.641516
-0.41503
-0.645254
-0.597031
0.476657
-0.645254
-0.597031
-0.476657
-0.643304
0.590836
0.486901
-0.643304
0.590836
-0.486901
-0.643295
0.635508
0.426968
-0.643295
0.635508
-0.426968
-0.64423
0.679331
0.351392
-0.64423
0.679331
-0.351392
-0.652049
0.716769
0.24713
-0.652049
0.716769
-0.24713
-0.593162
-0.777933
0.207315
-0.593162
-0.777933
-0.207315
-0.59667
-0.733571
0.325358
-0.59667
-0.733571
-0.325358
-0.598537
-0.687608
0.411034
-0.598537
-0.687608
-0.411034
-0.59914
-0.642676
0.477492
-0.59914
-0.642676
-0.477492
-0.600648
0.633334
0.487964
-0.600648
0.633334
-0.487964
-0.603073
0.675847
0.423713
-0.603073
0.675847
-0.423713
-0.608153
0.71594
0.342899
-0.608153
0.71594
-0.342899
-0.607623
0.761265
0.226429
-0.607623
0.761265
-0.226429
-0.528675
-0.839557
0.125091
-0.528675
-0.839557
-0.125091
-0.550708
-0.778685
0.300615
-0.550708
-0.778685
-0.300615
-0.551562
-0.733682
0.396851
-0.551562
-0.733682
-0.396851
-0.552746
-0.688359
0.469716
-0.552746
-0.688359
-0.469716
-0.558735
0.675225
0.481547
-0.558735
0.675225
-0.481547
-0.561584
0.71757
0.411966
-0.561584
0.71757
-0.411966
-0.564995
0.759737
0.321838
-0.564995
0.759737
-0.321838
-0.579781
0.795148
0.177743
-0.579781
0.795148
-0.177743
-0.503132
-0.824862
0.257799
-0.503132
-0.824862
-0.257799
-0.504291
-0.779584
0.371402
-0.504291
-0.779584
-0.371402
-0.506371
-0.733837
0.452848
-0.506371
-0.733837
-0.452848
-0.515224
0.718656
0.466989
-0.515224
0.718656
-0.466989
-0.517157
0.762008
0.389733
-0.517157
0.762008
-0.389733
-0.516928
0.807599
0.283848
-0.516928
0.807599
-0.283848
-0.515823
0.840508
0.165752
-0.515823
0.840508
-0.165752
-0.443938
-0.877833
0.179801
-0.443938
-0.877833
-0.179801
-0.458041
-0.824515
0.332225
-0.458041
-0.824515
-0.332225
-0.460708
-0.778761
0.425769
-0.460708
-0.778761
-0.425769
-0.461908
-0.733604
0.498463
-0.461908
-0.733604
-0.498463
-0.46983
0.763652
0.442828
-0.46983
0.763652
-0.442828
-0.471172
0.807734
0.354348
-0.471172
0.807734
-0.354348
-0.471756
0.850631
0.232106
-0.471756
0.850631
-0.232106
-0.421616
-0.86562
0.270079
-0.421616
-0.86562
-0.270079
-0.417912
-0.822205
0.386431
-0.417912
-0.822205
-0.386431
-0.417751
-0.777721
0.469717
-0.417751
-0.777721
-0.469717
-0.422687
0.76491
0.486054
-0.422687
0.76491
-0.486054
-0.422918
0.809579
0.40709
-0.422918
0.809579
-0.40709
-0.422469
0.854863
0.301213
-0.422469
0.854863
-0.301213
-0.43432
0.894394
0.106889
-0.43432
0.894394
-0.106889
-0.393797
-0.897949
0.196498
-0.393797
-0.897949
-0.196498
-0.382589
-0.862124
0.332216
-0.382589
-0.862124
-0.332216
-0.376791
-0.820333
0.430212
-0.376791
-0.820333
-0.430212
-0.375544
0.810719
0.449113
-0.375544
0.810719
-0.449113
-0.375108
0.855782
0.356274
-0.375108
0.855782
-0.356274
-0.366065
0.904426
0.219113
-0.366065
0.904426
-0.219113
-0.338506
-0.906628
0.25187
-0.338506
-0.906628
-0.25187
-0.335658
-0.863239
0.377032
-0.335658
-0.863239
-0.377032
-0.332517
-0.820013
0.465844
-0.332517
-0.820013
-0.465844
-0.32842
0.811597
0.483167
-0.32842
0.811597
-0.483167
-0.327186
0.856915
0.398304
-0.327186
0.856915
-0.398304
-0.326857
0.902153
0.281575
-0.326857
0.902153
-0.281575
-0.274515
-0.948321
0.159152
-0.274515
-0.948321
-0.159152
-0.29187
-0.907456
0.302217
-0.29187
-0.907456
-0.302217
-0.288909
-0.864028
0.412296
-0.288909
-0.864028
-0.412296
-0.286855
-0.820333
0.49474
-0.286855
-0.820333
-0.49474
-0.280226
0.857479
0.431512
-0.280226
0.857479
-0.431512
-0.277031
0.903265
0.327668
-0.277031
0.903265
-0.327668
-0.257154
0.957893
0.127724
-0.257154
0.957893
-0.127724
-0.244683
-0.950513
0.191457
-0.244683
-0.950513
-0.191457
-0.242119
-0.909423
0.338125
-0.242119
-0.909423
-0.338125
-0.241557
-0.864978
0.439844
-0.241557
-0.864978
-0.439844
-0.23411
0.857775
0.457618
-0.23411
0.857775
-0.457618
-0.231307
0.903402
0.361057
-0.231307
0.903402
-0.361057
-0.235222
0.949486
0.207718
-0.235222
0.949486
-0.207718
-0.189113
-0.954572
0.230278
-0.189113
-0.954572
-0.230278
-0.194263
-0.910235
0.365697
-0.194263
-0.910235
-0.365697
-0.194536
-0.865756
0.46111
-0.194536
-0.865756
-0.46111
-0.189249
0.857754
0.477958
-0.189249
0.857754
-0.477958
-0.186495
0.903174
0.386647
-0.186495
0.903174
-0.386647
-0.175993
0.950245
0.257025
-0.175993
0.950245
-0.257025
-0.145443
-0.955585
0.256328
-0.145443
-0.955585
-0.256328
-0.14674
-0.911054
0.385289
-0.14674
-0.911054
-0.385289
-0.148048
-0.866424
0.476856
-0.148048
-0.866424
-0.476856
-0.145454
0.857539
0.493427
-0.145454
0.857539
-0.493427
-0.145177
0.90258
0.405305
-0.145177
0.90258
-0.405305
-0.146193
0.94791
0.283009
-0.146193
0.94791
-0.283009
-0.0952314
-0.956081
0.277201
-0.0952314
-0.956081
-0.277201
-0.100962
-0.911529
0.39865
-0.100962
-0.911529
-0.39865
-0.102563
-0.866981
0.487673
-0.102563
-0.866981
-0.487673
-0.103458
0.901975
0.419211
-0.103458
0.901975
-0.419211
-0.110125
0.946007
0.304865
-0.110125
0.946007
-0.304865
-0.146149
0.984945
0.0923233
-0.146149
0.984945
-0.0923233
-0.0558629
-0.956549
0.28617
-0.0558629
-0.956549
-0.28617
-0.0578471
-0.912024
0.406036
-0.0578471
-0.912024
-0.406036
-0.0582226
-0.867476
0.494061
-0.0582226
-0.867476
-0.494061
-0.0584918
0.90187
0.42803
-0.0584918
0.90187
-0.42803
-0.0607724
0.94678
0.316093
-0.0607724
0.94678
-0.316093
-0.0531573
0.993065
0.10486
-0.0531573
0.993065
-0.10486
-0.0229585
-0.956521
0.290759
-0.0229585
-0.956521
-0.290759
-0.0163109
-0.912492
0.40877
-0.0163109
-0.912492
-0.40877
-0.0143932
-0.867842
0.496631
-0.0143932
-0.867842
-0.496631
-0.0119847
0.901827
0.431931
-0.0119847
0.901827
-0.431931
-0.0148007
0.946675
0.32185
-0.0148007
0.946675
-0.32185
-0.0412035
0.991842
0.120631
-0.0412035
0.991842
-0.120631
0.0250746
-0.957556
0.287154
0.0250746
-0.957556
-0.287154
0.0277971
-0.912645
0.407806
0.0277971
-0.912645
-0.407806
0.0301427
-0.867874
0.495869
0.0301427
-0.867874
-0.495869
0.0354655
0.901712
0.43088
0.0354655
0.901712
-0.43088
0.0360952
0.946708
0.320063
0.0360952
0.946708
-0.320063
0.0475571
0.991948
0.117374
0.0475571
0.991948
-0.117374
0.0695934
-0.956791
0.282325
0.0695934
-0.956791
-0.282325
0.0742352
-0.912008
0.4034
0.0742352
-0.912008
-0.4034
0.0759001
-0.867471
0.491663
0.0759001
-0.867471
-0.491663
0.0829932
0.901417
0.424923
0.0829932
0.901417
-0.424923
0.0831388
0.946288
0.312453
0.0831388
0.946288
-0.312453
0.0582819
0.992638
0.106178
0.0582819
0.992638
-0.106178
0.126285
-0.955651
0.266051
0.126285
-0.955651
-0.266051
0.122563
-0.911199
0.393313
0.122563
-0.911199
-0.393313
0.122644
-0.866851
0.483247
0.122644
-0.866851
-0.483247
0.128241
0.856569
0.499844
0.128241
0.856569
-0.499844
0.130329
0.901034
0.413705
0.130329
0.901034
-0.413705
0.134415
0.945323
0.297149
0.134415
0.945323
-0.297149
0.149993
0.984231
0.0937621
0.149993
0.984231
-0.0937621
0.166278
-0.956962
0.237854
0.166278
-0.956962
-0.237854
0.170726
-0.910408
0.376842
0.170726
-0.910408
-0.376842
0.169761
-0.866199
0.46998
0.169761
-0.866199
-0.46998
0.173573
0.856519
0.486053
0.173573
0.856519
-0.486053
0.176493
0.900704
0.396967
0.176493
0.900704
-0.396967
0.179664
0.944684
0.274395
0.179664
0.944684
-0.274395
0.233793
-0.952905
0.193167
0.233793
-0.952905
-0.193167
0.219714
-0.909395
0.353166
0.219714
-0.909395
-0.353166
0.216697
-0.86563
0.451361
0.216697
-0.86563
-0.451361
0.217399
0.856826
0.467533
0.217399
0.856826
-0.467533
0.219876
0.901118
0.373685
0.219876
0.901118
-0.373685
0.230327
0.942611
0.24173
0.230327
0.942611
-0.24173
0.254826
-0.961457
0.103269
0.254826
-0.961457
-0.103269
0.266489
-0.908722
0.321259
0.266489
-0.908722
-0.321259
0.262713
-0.865318
0.426858
0.262713
-0.865318
-0.426858
0.259995
0.857436
0.444078
0.259995
0.857436
-0.444078
0.257685
0.902963
0.343885
0.257685
0.902963
-0.343885
0.25282
0.947389
0.196307
0.25282
0.947389
-0.196307
0.315014
-0.907321
0.278451
0.315014
-0.907321
-0.278451
0.306394
-0.865877
0.395448
0.306394
-0.865877
-0.395448
0.304259
-0.821971
0.481446
0.304259
-0.821971
-0.481446
0.305343
0.812413
0.49674
0.305343
0.812413
-0.49674
0.303525
0.857831
0.414728
0.303525
0.857831
-0.414728
0.300577
0.903453
0.305657
0.300577
0.903453
-0.305657
0.273256
0.949559
0.153845
0.273256
0.949559
-0.153845
0.344112
-0.913493
0.217064
0.344112
-0.913493
-0.217064
0.345571
-0.868071
0.356419
0.345571
-0.868071
-0.356419
0.347135
-0.822804
0.449991
0.347135
-0.822804
-0.449991
0.350603
0.812205
0.466263
0.350603
0.812205
-0.466263
0.34833
0.857872
0.377784
0.34833
0.857872
-0.377784
0.343635
0.904123
0.253922
0.343635
0.904123
-0.253922
0.357646
-0.924879
0.12918
0.357646
-0.924879
-0.12918
0.387789
-0.869202
0.30677
0.387789
-0.869202
-0.30677
0.390538
-0.823543
0.411408
0.390538
-0.823543
-0.411408
0.392326
-0.778107
0.490541
0.392326
-0.778107
-0.490541
0.396712
0.811655
0.428761
0.396712
0.811655
-0.428761
0.395866
0.856933
0.330086
0.395866
0.856933
-0.330086
0.396077
0.89721
0.195288
0.396077
0.89721
-0.195288
0.43046
-0.869935
0.240662
0.43046
-0.869935
-0.240662
0.434829
-0.824003
0.36324
0.434829
-0.824003
-0.36324
0.437364
-0.778097
0.450863
0.437364
-0.778097
-0.450863
0.444143
0.765591
0.465411
0.444143
0.765591
-0.465411
0.443437
0.810715
0.382236
0.443437
0.810715
-0.382236
0.439283
0.858326
0.265153
0.439283
0.858326
-0.265153
0.470602
-0.864202
0.178014
0.470602
-0.864202
-0.178014
0.482855
-0.822886
0.299515
0.482855
-0.822886
-0.299515
0.483135
-0.777777
0.402048
0.483135
-0.777777
-0.402048
0.484535
-0.732285
0.478524
0.484535
-0.732285
-0.478524
0.490789
0.719817
0.490907
0.490789
0.719817
-0.490907
0.490919
0.764417
0.417929
0.490919
0.764417
-0.417929
0.491126
0.809203
0.322469
0.491126
0.809203
-0.322469
0.506115
0.84749
0.160025
0.506115
0.84749
-0.160025
0.522382
-0.827868
0.204331
0.522382
-0.827868
-0.204331
0.529415
-0.77705
0.340461
0.529415
-0.77705
-0.340461
0.530798
-0.731469
0.428025
0.530798
-0.731469
-0.428025
0.531543
-0.686319
0.496415
0.531543
-0.686319
-0.496415
0.537505
0.718439
0.441513
0.537505
0.718439
-0.441513
0.538424
0.762522
0.358692
0.538424
0.762522
-0.358692
0.533833
0.810549
0.2409
0.533833
0.810549
-0.2409
0.578218
-0.774695
0.255951
0.578218
-0.774695
-0.255951
0.577115
-0.730589
0.364937
0.577115
-0.730589
-0.364937
0.577949
-0.685147
0.443338
0.577949
-0.685147
-0.443338
0.582895
0.673287
0.454882
0.582895
0.673287
-0.454882
0.584381
0.716683
0.380611
0.584381
0.716683
-0.380611
0.584695
0.761481
0.279784
0.584695
0.761481
-0.279784
0.602355
0.795646
0.0641565
0.602355
0.795646
-0.0641565
0.605279
-0.792197
0.0778506
0.605279
-0.792197
-0.0778506
0.625921
-0.72734
0.281424
0.625921
-0.72734
-0.281424
0.624665
-0.683624
0.377428
0.624665
-0.683624
-0.377428
0.624646
-0.638847
0.449101
0.624646
-0.638847
-0.449101
0.626586
0.629786
0.459087
0.626586
0.629786
-0.459087
0.629259
0.671772
0.39084
0.629259
0.671772
-0.39084
0.632903
0.713205
0.301283
0.632903
0.713205
-0.301283
0.629623
0.753479
0.189325
0.629623
0.753479
-0.189325
0.666832
-0.722846
0.181186
0.666832
-0.722846
-0.181186
0.670133
-0.683098
0.290343
0.670133
-0.683098
-0.290343
0.671494
-0.636726
0.379046
0.671494
-0.636726
-0.379046
0.670824
-0.59271
0.445746
0.670824
-0.59271
-0.445746
0.670022
-0.549106
0.499553
0.670022
-0.549106
-0.499553
0.66816
0.588728
0.45493
0.66816
0.588728
-0.45493
0.671371
0.629776
0.390695
0.671371
0.629776
-0.390695
0.676335
0.668822
0.308621
0.676335
0.668822
-0.308621
0.673817
0.720842
0.162349
0.673817
0.720842
-0.162349
0.734849
-0.667064
0.122566
0.734849
-0.667064
-0.122566
0.717623
-0.635315
0.285294
0.717623
-0.635315
-0.285294
0.717466
-0.590287
0.369871
0.717466
-0.590287
-0.369871
0.716271
-0.54713
0.433133
0.716271
-0.54713
-0.433133
0.714699
-0.504785
0.484146
0.714699
-0.504785
-0.484146
0.710265
0.502667
0.492798
0.710265
0.502667
-0.492798
0.710062
0.54745
0.442844
0.710062
0.54745
-0.442844
0.71003
0.591954
0.381377
0.71003
0.591954
-0.381377
0.712819
0.633696
0.30053
0.712819
0.633696
-0.30053
0.723901
0.661647
0.195425
0.723901
0.661647
-0.195425
0.752223
-0.637223
0.16765
0.752223
-0.637223
-0.16765
0.766424
-0.584742
0.265839
0.766424
-0.584742
-0.265839
0.762577
-0.544803
0.348806
0.762577
-0.544803
-0.348806
0.760324
-0.503359
0.410532
0.760324
-0.503359
-0.410532
0.757875
-0.462782
0.459845
0.757875
-0.462782
-0.459845
0.75485
0.458235
0.469278
0.75485
0.458235
-0.469278
0.754048
0.503831
0.421387
0.754048
0.503831
-0.421387
0.752972
0.549731
0.361703
0.752972
0.549731
-0.361703
0.75173
0.595058
0.284268
0.75173
0.595058
-0.284268
0.741778
0.651783
0.157939
0.741778
0.651783
-0.157939
0.810494
-0.536741
0.23454
0.810494
-0.536741
-0.23454
0.805984
-0.501522
0.31443
0.805984
-0.501522
-0.31443
0.80121
-0.465061
0.376538
0.80121
-0.465061
-0.376538
0.79995
-0.422661
0.425955
0.79995
-0.422661
-0.425955
0.799777
-0.378547
0.465895
0.799777
-0.378547
-0.465895
0.799865
-0.333971
0.498678
0.799865
-0.333971
-0.498678
0.800597
0.367392
0.473357
0.800597
0.367392
-0.473357
0.800174
0.412549
0.435344
0.800174
0.412549
-0.435344
0.799306
0.458492
0.388453
0.799306
0.458492
-0.388453
0.798682
0.50396
0.328833
0.798682
0.50396
-0.328833
0.793664
0.556204
0.246445
0.793664
0.556204
-0.246445
0.798159
0.590391
0.11992
0.798159
0.590391
-0.11992
0.850636
-0.508931
0.131941
0.850636
-0.508931
-0.131941
0.840212
-0.474805
0.261924
0.840212
-0.474805
-0.261924
0.843116
-0.425253
0.329114
0.843116
-0.425253
-0.329114
0.843455
-0.380284
0.379431
0.843455
-0.380284
-0.379431
0.844186
-0.334369
0.418983
0.844186
-0.334369
-0.418983
0.84461
-0.2891
0.450617
0.84461
-0.2891
-0.450617
0.844842
-0.244377
0.475944
0.844842
-0.244377
-0.475944
0.844852
-0.200568
0.495982
0.844852
-0.200568
-0.495982
0.844539
0.193534
0.499299
0.844539
0.193534
-0.499299
0.845088
0.235716
0.479858
0.845088
0.235716
-0.479858
0.845649
0.277927
0.455669
0.845649
0.277927
-0.455669
0.845948
0.321237
0.425651
0.845948
0.321237
-0.425651
0.845755
0.366006
0.388249
0.845755
0.366006
-0.388249
0.845454
0.411274
0.340678
0.845454
0.411274
-0.340678
0.843324
0.458996
0.279511
0.843324
0.458996
-0.279511
0.840503
0.503009
0.201337
0.840503
0.503009
-0.201337
0.887186
-0.42437
0.181141
0.887186
-0.42437
-0.181141
0.885797
-0.384974
0.25915
0.885797
-0.384974
-0.25915
0.889078
-0.333628
0.313422
0.889078
-0.333628
-0.313422
0.889266
-0.288497
0.354931
0.889266
-0.288497
-0.354931
0.889833
-0.242597
0.386451
0.889833
-0.242597
-0.386451
0.88978
-0.198862
0.410787
0.88978
-0.198862
-0.410787
0.889466
-0.156937
0.429209
0.889466
-0.156937
-0.429209
0.888975
-0.11617
0.442977
0.888975
-0.11617
-0.442977
0.888767
-0.073607
0.452411
0.888767
-0.073607
-0.452411
0.888782
-0.0293153
0.457391
0.888782
-0.0293153
-0.457391
0.888799
0.0160057
0.458017
0.888799
0.0160057
-0.458017
0.888738
0.0616716
0.454249
0.888738
0.0616716
-0.454249
0.888581
0.107325
0.445987
0.888581
0.107325
-0.445987
0.88848
0.152213
0.432936
0.88848
0.152213
-0.432936
0.888681
0.195581
0.414721
0.888681
0.195581
-0.414721
0.889828
0.235513
0.39082
0.889828
0.235513
-0.39082
0.891003
0.275151
0.361116
0.891003
0.275151
-0.361116
0.891431
0.318742
0.32211
0.891431
0.318742
-0.32211
0.891954
0.361229
0.271905
0.891954
0.361229
-0.271905
0.88854
0.414926
0.195787
0.88854
0.414926
-0.195787
0.926528
-0.33283
0.175416
0.926528
-0.33283
-0.175416
0.93245
-0.285326
0.221645
0.93245
-0.285326
-0.221645
0.934752
-0.239524
0.262424
0.934752
-0.239524
-0.262424
0.934787
-0.194784
0.297039
0.934787
-0.194784
-0.297039
0.934448
-0.154586
0.320797
0.934448
-0.154586
-0.320797
0.932985
-0.120008
0.33932
0.932985
-0.120008
-0.33932
0.932956
-0.0768071
0.351702
0.932956
-0.0768071
-0.351702
0.933225
-0.0318563
0.357878
0.933225
-0.0318563
-0.357878
0.933328
0.0154043
0.358694
0.933328
0.0154043
-0.358694
0.933318
0.0616642
0.353717
0.933318
0.0616642
-0.353717
0.932778
0.109751
0.343336
0.932778
0.109751
-0.343336
0.932647
0.154843
0.325872
0.932647
0.154843
-0.325872
0.931536
0.202509
0.302044
0.931536
0.202509
-0.302044
0.934671
0.23704
0.264958
0.934671
0.23704
-0.264958
0.940386
0.261315
0.217689
0.940386
0.261315
-0.217689
0.935733
0.332034
0.118981
0.935733
0.332034
-0.118981
0.977696
-0.163423
0.131925
0.977696
-0.163423
-0.131925
0.977162
-0.149509
0.151004
0.977162
-0.149509
-0.151004
0.973819
-0.13553
0.182507
0.973819
-0.13553
-0.182507
0.977461
-0.0720245
0.198451
0.977461
-0.0720245
-0.198451
0.977415
-0.0398858
0.207529
0.977415
-0.0398858
-0.207529
0.977925
0.0238207
0.207592
0.977925
0.0238207
-0.207592
0.979038
0.0560384
0.195815
0.979038
0.0560384
-0.195815
0.975885
0.126506
0.177891
0.975885
0.126506
-0.177891
0.979053
0.150418
0.137224
0.979053
0.150418
-0.137224
0.966044
0.235402
0.106514
0.966044
0.235402
-0.106514
0
0
0
0
