rbf_gato_ID2_Ciclo4 12 12 2704 85
rbf_gato_ID2_Ciclo7 117 127 252004 6379
rbf_gato_ID2_Ciclo11 236 408 2.1433e+06 1170798
rbf_gato_ID3_Ciclo3_1 23 25 10404 295
rbf_gato_ID3_Ciclo3_2 23 25 10404 301
rbf_gato_ID7_Ciclo8_1 131 181 459684 63996
rbf_gato_ID7_Ciclo8_2 131 181 459684 65740
rbf_gato_ID7_Ciclo9_1 145 189 512656 103146
rbf_gato_ID7_Ciclo9_2 145 189 512656 105644
rbf_gato_ID7_Ciclo10_1 39 45 31684 856
rbf_gato_ID7_Ciclo10_2 39 45 31684 888
 39 45 31684 864
 39 45 31684 929
 39 45 31684 932
