0
0
0
0
0
0
0
0
0
0
0
0
0
0
0
0
0
0
0
0
0
0
0
0
0
0
0
0
0
0
0
0
0
0
0
0
0
0
0
0
0
0
0
0
0
0
0
0
0
0
0
0
0
0
0
0
0
0.99979
0.0204861
0
0.997434
0.0715947
0
0.991084
0.133242
0
0.977921
0.208975
0
0.962151
0.272516
0
0.962989
0.269541
0
0.978237
0.207491
0
0.999849
0.0174007
0
0.849458
-0.527656
0
0.0556503
-0.99845
0
-0.188223
-0.982126
0
-0.213852
-0.976866
0
-0.234477
-0.972122
0
-0.24776
-0.968821
0
0.346618
-0.938006
0
0.77687
-0.629662
0
0.988759
-0.149518
0
0.96892
0.247375
0
0.861768
0.507303
0
0.70012
0.714025
0
0.334525
0.942387
0
0.267616
0.963526
0
0.21102
0.977482
0
0.165075
0.986281
0
0.129645
0.99156
0
0.104403
0.994535
0
0.0890058
0.996031
0
0.0832162
0.996532
0
0.086956
0.996212
0
0.100331
0.994954
0
0.12362
0.99233
0
-0.476577
0.879133
0
-0.93826
0.345932
0
-0.977412
-0.211344
0
-0.87609
-0.482147
0
-0.780517
-0.625135
0
-0.882683
0.469969
0
-0.835124
0.550062
0
-0.847878
0.530191
0
-0.898086
0.439821
0
-0.955727
0.294254
0
-0.990845
0.135007
0
-0.999185
0.0403534
0
-0.998678
-0.0514088
0
-0.990543
-0.137204
0
-0.976575
-0.215176
0
-0.958653
-0.284578
0
-0.938425
-0.345484
0
-0.652503
-0.757786
0
-0.262236
-0.965004
0
-0.00658537
-0.999978
0
0.149539
-0.988756
0
0.255677
-0.966762
0
0.340194
-0.940355
0
0.42309
-0.906088
0
0.531403
-0.847119
0
0.740138
-0.672455
0
-0.957809
-0.0161212
0.286952
-0.957809
-0.0161212
-0.286952
-0.889056
-0.303374
0.342847
-0.889056
-0.303374
-0.342847
-0.873259
-0.271083
0.404887
-0.873259
-0.271083
-0.404887
-0.888498
-0.211117
0.407433
-0.888498
-0.211117
-0.407433
-0.867307
-0.148453
0.475121
-0.867307
-0.148453
-0.475121
-0.865172
-0.0850822
0.494205
-0.865172
-0.0850822
-0.494205
-0.868606
-0.0161037
0.495241
-0.868606
-0.0161037
-0.495241
-0.871121
0.0566231
0.487792
-0.871121
0.0566231
-0.487792
-0.858312
0.131367
0.496027
-0.858312
0.131367
-0.496027
-0.879171
0.247798
0.407006
-0.879171
0.247798
-0.407006
-0.846651
0.335948
0.4127
-0.846651
0.335948
-0.4127
-0.637905
-0.721363
0.269653
-0.637905
-0.721363
-0.269653
-0.824619
0.49246
0.278365
-0.824619
0.49246
-0.278365
-0.907411
-0.141745
0.395618
-0.907411
-0.141745
-0.395618
-0.854359
0.305284
0.420561
-0.854359
0.305284
-0.420561
-0.780844
0.395556
0.483548
-0.780844
0.395556
-0.483548
-0.86927
0.423144
0.255577
-0.86927
0.423144
-0.255577
-0.771446
-0.529656
0.352614
-0.771446
-0.529656
-0.352614
0.0228053
0.877474
0.479081
0.0228053
0.877474
-0.479081
0.0474063
0.897896
0.437647
0.0474063
0.897896
-0.437647
0.078032
0.969497
0.232349
0.078032
0.969497
-0.232349
0.246253
-0.882924
0.399757
0.246253
-0.882924
-0.399757
0.0789823
0.975016
0.207621
0.0789823
0.975016
-0.207621
0.32889
-0.894312
0.303377
0.32889
-0.894312
-0.303377
0.0787302
0.919001
0.386313
0.0787302
0.919001
-0.386313
0.452453
-0.815446
0.361018
0.452453
-0.815446
-0.361018
0.95016
0.185455
0.250603
0.95016
0.185455
-0.250603
0.873665
-0.0387517
0.484983
0.873665
-0.0387517
-0.484983
0.774083
-0.410358
0.482081
0.774083
-0.410358
-0.482081
0.892569
0.141642
0.428086
0.892569
0.141642
-0.428086
0.917613
0.236561
0.319415
0.917613
0.236561
-0.319415
0.185115
0.864487
0.467326
0.185115
0.864487
-0.467326
0.214568
0.943256
0.253432
0.214568
0.943256
-0.253432
-0.205777
-0.936481
0.284005
-0.205777
-0.936481
-0.284005
0.268076
0.942309
0.200474
0.268076
0.942309
-0.200474
0.539157
0.695451
0.475034
0.539157
0.695451
-0.475034
0.639248
-0.586026
0.497932
0.639248
-0.586026
-0.497932
0.763485
0.484481
0.427046
0.763485
0.484481
-0.427046
0
0
0
0
