0
0
0
0
0
0
0
0
0
0
0
0
0
0
0
0
0
0
0
0
0
0
0
0
0
0
0
0
0
0
0
0
0
0
0
0
0
0
0
0
0
0
0
0
0
0
0
0
0
0
0
0
0
0
0
0
0
0
0
0
0
0
0
0
0
0
0
0
0
0
0
0
0
0
0
0
0
0
0
0
0
0
0
0
0
0
0
0
0
0
0
0
0
0
0
0
0
0
0
0
0
0
0
0
0
0
0
0
0
0
0
0
0
0
0
0
0
0
0
0
0
0
0
0
0
0
0
0
0
0
0
0
0
0
0
0
0
0
0
0
0
0
0
0
0
0
0
0
0
0
0
0
0
0
0
0
0
0
0
0
0
0
0
0
0
0
0
0
0
0
0
0
0
0
0
0
0
0
0
0
0
0
0
0
0
0
0
0
0
0
0
0
0
0
0
0
0
0
0
0
0
0
0
0
0
0
0
0
0
0
0
0
0
0
0
0
0
0
0
0
0
0
0
0
0
0
0
0
0
0
0
0
0
0
0
0
0
0
0
0
0
0
0
0
0
0
0
0
0
0
0
0
0
0
0
0
0
0
0
0
0
0
0
0
0
0
0
0
0
0
0
0
0
0
0
0
0
0
0
0
0
0
0
0
0
0
0
0
-0.416279
0.909237
0
-0.346454
0.938067
0
-0.525763
0.850631
0
-0.862933
0.505319
0
-0.929468
0.368904
0
-0.95997
0.280103
0
-0.972213
0.2341
0
-0.974805
0.22306
0
-0.970633
0.240565
0
-0.991054
-0.133458
0
-0.996761
-0.0804192
0
-0.99876
-0.0497775
0
-0.999026
-0.0441249
0
-0.997955
-0.0639265
0
-0.994198
-0.107569
0
-0.985233
-0.17122
0
-0.968537
-0.248869
0
-0.942887
-0.333113
0
-0.880481
-0.474081
0
-0.843093
-0.537768
0
-0.808198
-0.588911
0
-0.779015
-0.627005
0
-0.758015
-0.652238
0
-0.746816
-0.665031
0
-0.746221
-0.665698
0
-0.68386
-0.729613
0
-0.663132
-0.748503
0
-0.639705
-0.76862
0
-0.613565
-0.789644
0
-0.58475
-0.811214
0
-0.553366
-0.832938
0
-0.519593
-0.854414
0
-0.483682
-0.875244
0
-0.445956
-0.895055
0
-0.406797
-0.913519
0
-0.366626
-0.930368
0
-0.32589
-0.945408
0
-0.353921
-0.935275
0
-0.310736
-0.950496
0
-0.270165
-0.962814
0
-0.232567
-0.97258
0
-0.198208
-0.98016
0
-0.167277
-0.98591
0
-0.139896
-0.990166
0
-0.11615
-0.993232
0
-0.0960907
-0.995373
0
-0.079763
-0.996814
0
-0.0672129
-0.997739
0
-0.0584998
-0.998287
0
-0.0537078
-0.998557
0
-0.0529534
-0.998597
0
-0.0563932
-0.998409
0
-0.0642286
-0.997935
0
-0.07671
-0.997053
0
-0.0941353
-0.995559
0
-0.116846
-0.99315
0
-0.145212
-0.989401
0
-0.176701
-0.984265
0
-0.193607
-0.981079
0
-0.204501
-0.978866
0
-0.207048
-0.978331
0
-0.200026
-0.979791
0
-0.183915
-0.982942
0
-0.160831
-0.986982
0
-0.133788
-0.99101
0
-0.105741
-0.994394
0
-0.0789202
-0.996881
0
-0.0546381
-0.998506
0
-0.0334333
-0.999441
0
-0.0153345
-0.999882
0
0.0509002
-0.998704
0
0.0775616
-0.996988
0
0.101115
-0.994875
0
0.121525
-0.992588
0
0.13876
-0.990326
0
0.152791
-0.988259
0
0.163574
-0.986531
0
0.171047
-0.985263
0
0.175122
-0.984547
0
0.175675
-0.984448
0
0.172543
-0.985002
0
0.165515
-0.986207
0
0.15433
-0.988019
0
0.138666
-0.990339
0
0.118149
-0.992996
0
0.0923502
-0.995727
0
0.0608013
-0.99815
0
0.0230217
-0.999735
0
-0.0214342
-0.99977
0
-0.0729025
-0.997339
0
-0.131503
-0.991316
0
-0.197003
-0.980403
0
-0.206321
-0.978484
0
-0.204578
-0.97885
0
-0.179848
-0.983694
0
-0.132223
-0.99122
0
-0.0624787
-0.998046
0
0.0269462
-0.999637
0
0.131079
-0.991372
0
0.242444
-0.970165
0
0.352524
-0.935803
0
0.453989
-0.891007
0
0.542346
-0.840155
0
0.858227
-0.513271
0
0.909942
-0.414736
0
0.914356
-0.404912
0
0.903875
-0.427797
0
0.877282
-0.479976
0
0.817687
-0.575663
0
0.883343
-0.468727
0
0.970903
-0.239474
0
0.989514
-0.144437
0
0.994285
-0.106758
0
0.994592
-0.103861
0
0.99095
-0.13423
0
0.711933
-0.702247
0
0.885866
-0.463941
0
0.985157
-0.171655
0
0.99826
-0.0589581
0
0.999833
0.0182649
0
0.998595
0.0529864
0
0.998917
0.0465292
0
0.999988
0.00499796
0
0.998033
-0.0626955
0
0.989282
-0.146015
0
0.970782
-0.239963
0
0.938311
-0.345793
0
0.916348
-0.400383
0
0.916795
-0.399358
0
0.935171
-0.354197
0
0.959164
-0.28285
0
0.979245
-0.202681
0
0.992054
-0.125815
0
0.998306
-0.0581891
0
0.999999
-0.00131123
0
0.991187
0.132471
0
0.992971
0.118358
0
0.99471
0.102725
0
0.996315
0.085767
0
0.99771
0.06763
0
0.998827
0.0484307
0
0.9996
0.0282642
0
0.999974
0.00721184
0
0.999893
-0.0146542
0
0.999305
-0.037266
0
0.998165
-0.0605603
0
0.996426
-0.0844732
0
0.979313
-0.202352
0
0.974748
-0.223306
0
0.97374
-0.227664
0
0.975667
-0.219259
0
0.979664
-0.200646
0
0.984813
-0.173621
0
0.990217
-0.139538
0
0.995035
-0.0995234
0
0.998508
-0.0545993
0
0.999983
-0.00575746
0
0.998941
0.0460057
0
0.995019
0.0996903
0
0.988022
0.154311
0
0.97793
0.208933
0
0.957322
0.289023
0
0.931992
0.36248
0
0.851451
0.524434
0
0.596839
0.802361
0
0.00540987
0.999985
0
0.578822
0.815454
0
0.307433
0.95157
0
-0.423901
0.905709
0
-0.77526
0.631642
0
-0.859339
0.511407
0
-0.842106
0.539313
0
-0.980869
0.194671
0
-0.6134
-0.789772
0
0.460722
-0.887544
0
0.468078
-0.883687
0
-0.180638
-0.98355
0
-0.981551
-0.191202
0
-0.998816
-0.0486435
0
-0.998475
-0.0552118
0
-0.996934
-0.0782414
0
-0.992397
-0.12308
0
-0.994235
-0.107224
0
-0.99925
-0.0387306
0
-0.998642
0.0520952
0
-0.990453
0.137848
0
-0.978369
0.206868
0
-0.96595
0.25873
0
-0.95491
0.296897
0
-0.887245
0.461298
0
-0.895345
0.445374
0
-0.904739
0.425966
0
-0.914306
0.405024
0
-0.923283
0.384121
0
-0.931275
0.364317
0
-0.93816
0.346202
0
-0.943976
0.330013
0
-0.972519
0.232823
0
-0.996456
0.0841203
0
-0.999762
0.0217935
0
-0.999973
0.00729827
0
-0.999579
0.0290294
0
-0.996014
0.0892005
0
-0.979337
0.202237
0
-0.552217
0.8337
0
-0.241778
0.970332
0
-0.962335
0.271867
0
-0.876297
0.481771
0
-0.655531
0.755168
0
0.42356
0.905868
0
0.341874
0.939746
0
-0.0977016
0.995216
0
0.291752
0.956494
0
-0.278347
0.960481
0
0.135798
0.990737
0
-0.709627
0.704577
0
-0.796549
0.604574
0
-0.32542
0.94557
0
0.536713
0.843765
0
0.825338
0.564639
0
0.775601
0.631224
0
0.715198
0.698922
0
0.012362
0.999924
0
0.0125662
0.999921
0
0.67081
0.74163
0
0.900154
0.435572
0
0.807471
0.589907
0
0.538617
0.842551
0
0.540581
0.841292
0
0.506012
0.862526
0
0.444412
0.895822
0
0.370855
0.928691
0
0.298813
0.954312
0
0.309019
0.951056
0
0.230274
0.973126
0
0.182745
0.98316
0
0.151663
0.988432
0
0.130407
0.991461
0
0.11559
0.993297
0
0.129763
0.991545
0
0.133903
0.990994
0
0.137361
0.990521
0
0.140881
0.990027
0
0.144696
0.989476
0
0.148955
0.988844
0
0.153799
0.988102
0
0.159393
0.987215
0
0.165952
0.986134
0
0.173767
0.984787
0
0.183248
0.983067
0
0.195001
0.980803
0
0.182264
0.98325
0
0.163593
0.986528
0
0.144257
0.98954
0
0.12543
0.992102
0
0.108675
0.994077
0
0.0957107
0.995409
0
0.0880126
0.996119
0
0.0863972
0.996261
0
0.0907825
0.995871
0
0.100256
0.994962
0
0.113398
0.99355
0
0.0659004
0.997826
0
0.0448628
0.998993
0
0.00983083
0.999952
0
-0.0374973
0.999297
0
-0.090125
0.99593
0
-0.138609
0.990347
0
-0.176236
0.984348
0
-0.201313
0.979527
0
-0.215653
0.97647
0
-0.222195
0.975002
0
-0.259351
0.965783
0
-0.322823
0.946459
0
-0.371543
0.928416
0
-0.409741
0.912202
0
-0.440253
0.897874
0
-0.465013
0.885304
0
-0.485354
0.874318
0
-0.502207
0.864747
0
-0.516223
0.856454
0
-0.527835
0.849347
0
-0.537296
0.843394
0
-0.544659
0.838657
0
-0.549687
0.835371
0
-0.551541
0.834148
0
-0.547677
0.83669
0
-0.528144
0.849155
0
-0.864486
-0.424898
0.268562
-0.864486
-0.424898
-0.268562
-0.889262
-0.24072
0.38893
-0.889262
-0.24072
-0.38893
-0.89786
-0.117737
0.424248
-0.89786
-0.117737
-0.424248
-0.894818
-0.0344499
0.4451
-0.894818
-0.0344499
-0.4451
-0.876823
0.0542922
0.477739
-0.876823
0.0542922
-0.477739
-0.857062
0.20951
0.470691
-0.857062
0.20951
-0.470691
-0.842182
0.337965
0.42013
-0.842182
0.337965
-0.42013
-0.784458
0.532938
0.317179
-0.784458
0.532938
-0.317179
-0.759778
-0.54686
0.351683
-0.759778
-0.54686
-0.351683
-0.772238
-0.400304
0.49336
-0.772238
-0.400304
-0.49336
-0.567118
0.688539
0.451985
-0.567118
0.688539
-0.451985
-0.678841
-0.721791
0.134879
-0.678841
-0.721791
-0.134879
-0.69235
-0.620929
0.367557
-0.69235
-0.620929
-0.367557
-0.539154
0.796332
0.274168
-0.539154
0.796332
-0.274168
-0.615504
-0.706374
0.349556
-0.615504
-0.706374
-0.349556
-0.522557
0.732884
0.435678
-0.522557
0.732884
-0.435678
-0.525992
0.829987
0.185616
-0.525992
0.829987
-0.185616
-0.541235
-0.78935
0.289813
-0.541235
-0.78935
-0.289813
-0.547739
-0.685242
0.480026
-0.547739
-0.685242
-0.480026
-0.494916
0.786193
0.37008
-0.494916
0.786193
-0.37008
-0.449738
-0.879879
0.153453
-0.449738
-0.879879
-0.153453
-0.472307
-0.773313
0.42298
-0.472307
-0.773313
-0.42298
-0.452281
0.746861
0.487483
-0.452281
0.746861
-0.487483
-0.466192
0.846105
0.258401
-0.466192
0.846105
-0.258401
-0.388585
-0.865864
0.315089
-0.388585
-0.865864
-0.315089
-0.412458
0.820118
0.396592
-0.412458
0.820118
-0.396592
-0.34071
-0.848944
0.403993
-0.34071
-0.848944
-0.403993
-0.351528
0.801195
0.484268
-0.351528
0.801195
-0.484268
-0.363737
0.909616
0.200732
-0.363737
0.909616
-0.200732
-0.277214
-0.936812
0.213391
-0.277214
-0.936812
-0.213391
-0.292712
-0.835495
0.465047
-0.292712
-0.835495
-0.465047
-0.282597
0.895795
0.34306
-0.282597
0.895795
-0.34306
-0.218846
-0.928587
0.299721
-0.218846
-0.928587
-0.299721
-0.223672
0.884007
0.410491
-0.223672
0.884007
-0.410491
-0.170372
-0.922383
0.346675
-0.170372
-0.922383
-0.346675
-0.173497
0.882553
0.437034
-0.173497
0.882553
-0.437034
-0.200849
0.97888
0.0381282
-0.200849
0.97888
-0.0381282
-0.132892
-0.917563
0.374725
-0.132892
-0.917563
-0.374725
-0.113813
0.88671
0.448097
-0.113813
0.88671
-0.448097
-0.123255
0.976662
0.175896
-0.123255
0.976662
-0.175896
-0.106511
-0.913985
0.391518
-0.106511
-0.913985
-0.391518
-0.0494587
0.888977
0.455273
-0.0494587
0.888977
-0.455273
-0.0121825
0.979012
0.20344
-0.0121825
0.979012
-0.20344
-0.0916057
-0.911093
0.401893
-0.0916057
-0.911093
-0.401893
0.00505681
0.889794
0.456334
0.00505681
0.889794
-0.456334
0.0558644
0.979431
0.193892
0.0558644
0.979431
-0.193892
-0.0604115
-0.988104
0.141425
-0.0604115
-0.988104
-0.141425
-0.0886541
-0.907897
0.409712
-0.0886541
-0.907897
-0.409712
0.0421737
0.896254
0.441532
0.0421737
0.896254
-0.441532
0.0951971
0.987929
0.122203
0.0951971
0.987929
-0.122203
-0.0782108
-0.989571
0.120966
-0.0782108
-0.989571
-0.120966
-0.0974945
-0.902916
0.418614
-0.0974945
-0.902916
-0.418614
0.0635492
0.904888
0.42088
0.0635492
0.904888
-0.42088
-0.117057
-0.983475
0.138113
-0.117057
-0.983475
-0.138113
-0.11513
-0.894367
0.432264
-0.11513
-0.894367
-0.432264
0.0845832
0.909855
0.406214
0.0845832
0.909855
-0.406214
-0.165098
-0.963389
0.211246
-0.165098
-0.963389
-0.211246
-0.131741
-0.881705
0.453034
-0.131741
-0.881705
-0.453034
0.111236
0.912025
0.394763
0.111236
0.912025
-0.394763
-0.176399
-0.947282
0.267469
-0.176399
-0.947282
-0.267469
-0.134018
-0.86702
0.479912
-0.134018
-0.86702
-0.479912
0.139938
0.915745
0.376602
0.139938
0.915745
-0.376602
-0.150875
-0.934711
0.321796
-0.150875
-0.934711
-0.321796
0.162874
0.92826
0.334373
0.162874
0.92826
-0.334373
-0.108179
-0.920513
0.375437
-0.108179
-0.920513
-0.375437
0.163854
0.945814
0.280334
0.163854
0.945814
-0.280334
-0.0656809
-0.904542
0.421295
-0.0656809
-0.904542
-0.421295
0.163537
0.976072
0.143317
0.163537
0.976072
-0.143317
-0.0254392
-0.891296
0.452708
-0.0254392
-0.891296
-0.452708
0.139644
0.876162
0.461346
0.139644
0.876162
-0.461346
0.0112122
-0.97428
0.225062
0.0112122
-0.97428
-0.225062
0.0187165
-0.889023
0.457481
0.0187165
-0.889023
-0.457481
0.140772
0.901091
0.410145
0.140772
0.901091
-0.410145
0.0627422
-0.896182
0.439228
0.0627422
-0.896182
-0.439228
0.139535
0.929183
0.34227
0.139535
0.929183
-0.34227
0.0985285
-0.904734
0.414425
0.0985285
-0.904734
-0.414425
0.139824
0.941454
0.306781
0.139824
0.941454
-0.306781
0.127471
-0.915648
0.381235
0.127471
-0.915648
-0.381235
0.17243
0.934053
0.312752
0.17243
0.934053
-0.312752
0.148915
-0.929417
0.337652
0.148915
-0.929417
-0.337652
0.241655
0.944126
0.224116
0.241655
0.944126
-0.224116
0.161021
-0.945321
0.283619
0.161021
-0.945321
-0.283619
0.324542
0.814318
0.481206
0.324542
0.814318
-0.481206
0.160999
-0.961524
0.222601
0.160999
-0.961524
-0.222601
0.132965
-0.856866
0.498097
0.132965
-0.856866
-0.498097
0.443315
0.823035
0.355085
0.443315
0.823035
-0.355085
0.144404
-0.973536
0.17713
0.144404
-0.973536
-0.17713
0.11992
-0.874807
0.469396
0.11992
-0.874807
-0.469396
0.0912516
-0.890428
0.445882
0.0912516
-0.890428
-0.445882
0.0456904
-0.898924
0.435716
0.0456904
-0.898924
-0.435716
-0.00789064
-0.892973
0.450041
-0.00789064
-0.892973
-0.450041
-0.174048
-0.966237
0.18998
-0.174048
-0.966237
-0.18998
-0.0315188
-0.868265
0.495099
-0.0315188
-0.868265
-0.495099
-0.143566
-0.959047
0.244167
-0.143566
-0.959047
-0.244167
-0.0102019
-0.947897
0.318414
-0.0102019
-0.947897
-0.318414
0.108889
0.894261
0.434098
0.108889
0.894261
-0.434098
0.173935
-0.932068
0.3178
0.173935
-0.932068
-0.3178
0.279809
0.856683
0.433361
0.279809
0.856683
-0.433361
0.356623
-0.91929
0.166511
0.356623
-0.91929
-0.166511
0.743277
-0.558432
0.368365
0.743277
-0.558432
-0.368365
-0.939419
0.219606
0.263182
-0.939419
0.219606
-0.263182
0.815216
-0.464501
0.345922
0.815216
-0.464501
-0.345922
0.804299
-0.333546
0.491783
0.804299
-0.333546
-0.491783
-0.82528
0.355189
0.439036
-0.82528
0.355189
-0.439036
0.97268
-0.125201
0.195493
0.97268
-0.125201
-0.195493
0.944494
-0.183307
0.272635
0.944494
-0.183307
-0.272635
0.824236
-0.270345
0.497543
0.824236
-0.270345
-0.497543
0.882338
-0.318485
0.346478
0.882338
-0.318485
-0.346478
0
0
0
0
