3
301
110 106 20
114.785 104.717 20
118.875 107.401 20
122.422 110.923 20
125.865 114.548 20
129.431 118.052 20
133.166 121.375 20
136.976 124.612 20
140.758 127.883 20
144.483 131.218 20
148.14 134.627 20
151.696 138.142 20
155.181 141.728 20
158.527 145.442 20
161.605 149.378 20
164.172 153.664 20
166.203 158.227 20
167.726 162.988 20
168.933 167.839 20
169.989 172.726 20
171.011 177.621 20
172.046 182.512 20
173.064 187.408 20
173.966 192.325 20
174.615 197.282 20
174.976 202.268 20
175.218 207.262 20
175.674 212.24 20
176.382 217.189 20
177.055 222.144 20
177.718 227.099 20
178.507 232.036 20
179.348 236.965 20
180.332 241.867 20
181.53 246.721 20
182.951 251.513 20
184.762 256.17 20
187.223 260.515 20
190.34 264.41 20
194.5 267.12 20
199.329 268.249 20
204.318 268.034 20
209.266 267.322 20
214.192 266.465 20
219.129 265.681 20
224.103 265.186 20
229.1 265.024 20
234.099 264.96 20
239.094 264.74 20
244.068 264.248 20
249.028 263.615 20
254.009 263.194 20
259.007 263.148 20
263.998 263.431 20
268.971 263.946 20
273.921 264.647 20
278.8 265.727 20
283.518 267.369 20
288.109 269.347 20
292.77 271.15 20
297.618 272.341 20
302.603 272.581 20
307.545 271.911 20
312.31 270.411 20
316.869 268.371 20
321.07 265.676 20
324.58 262.139 20
327.282 257.945 20
329.267 253.358 20
331.031 248.68 20
332.658 243.952 20
334.154 239.182 20
335.421 234.346 20
336.478 229.459 20
337.443 224.553 20
338.302 219.628 20
338.954 214.671 20
339.433 209.694 20
339.851 204.712 20
340.253 199.728 20
340.765 194.755 20
341.571 189.821 20
342.626 184.935 20
343.766 180.066 20
344.964 175.212 20
346.427 170.433 20
348.38 165.835 20
350.781 161.452 20
353.52 157.27 20
356.589 153.327 20
360.141 149.812 20
364.001 146.638 20
367.98 143.61 20
371.858 140.455 20
375.506 137.038 20
378.942 133.407 20
382.227 129.637 20
385.498 125.857 20
388.931 122.223 20
392.646 118.881 20
396.727 116.004 20
401.39 114.287 20
406.347 114.191 20
410.91 116.158 20
414.702 119.378 20
417.659 123.399 20
419.999 127.812 20
422.017 132.386 20
424.143 136.911 20
426.534 141.301 20
429.07 145.61 20
431.712 149.855 20
434.676 153.879 20
437.91 157.691 20
441.222 161.437 20
444.385 165.308 20
447.326 169.35 20
450.11 173.503 20
452.691 177.785 20
455.14 182.143 20
457.405 186.6 20
459.186 191.267 20
460.57 196.071 20
461.704 200.94 20
462.743 205.831 20
463.839 210.709 20
465.018 215.568 20
466.118 220.445 20
466.997 225.366 20
467.597 230.329 20
467.895 235.319 20
467.985 240.318 20
467.956 245.318 20
467.753 250.313 20
467.235 255.285 20
466.568 260.241 20
465.921 265.199 20
465.392 270.17 20
465.113 275.162 20
465.002 280.16 20
464.881 285.159 20
464.499 290.142 20
463.697 295.076 20
462.708 299.977 20
461.777 304.889 20
460.883 309.809 20
459.894 314.709 20
458.696 319.563 20
457.197 324.331 20
455.194 328.91 20
452.877 333.34 20
450.366 337.663 20
447.72 341.905 20
445.011 346.108 20
442.295 350.306 20
439.555 354.488 20
436.977 358.77 20
434.71 363.225 20
432.578 367.748 20
430.305 372.201 20
427.791 376.522 20
425.199 380.797 20
422.753 385.158 20
420.352 389.544 20
417.793 393.839 20
415.17 398.096 20
412.515 402.332 20
409.671 406.443 20
406.694 410.461 20
403.745 414.498 20
400.683 418.45 20
397.346 422.172 20
393.842 425.737 20
390.268 429.234 20
386.562 432.589 20
382.586 435.619 20
378.454 438.433 20
374.176 441.019 20
369.712 443.266 20
365.067 445.111 20
360.346 446.757 20
355.58 448.267 20
350.703 449.344 20
345.727 449.78 20
340.731 449.632 20
335.747 449.237 20
330.766 448.799 20
325.784 448.383 20
320.791 448.114 20
315.793 448.014 20
310.793 448.001 20
305.793 448 20
300.793 448 20
295.793 447.993 20
290.793 447.948 20
285.797 447.762 20
280.816 447.338 20
275.864 446.647 20
270.932 445.828 20
266.002 444.995 20
261.07 444.173 20
256.115 443.506 20
251.131 443.126 20
246.134 442.961 20
241.139 442.731 20
236.153 442.364 20
231.161 442.091 20
226.162 442.005 20
221.162 441.999 20
216.162 442 20
211.162 442 20
206.162 442 20
201.162 442 20
196.162 442 20
191.162 442 20
186.162 442 20
181.162 442 20
176.162 442 20
171.162 441.992 20
166.163 441.912 20
161.17 441.662 20
156.183 441.293 20
151.192 440.997 20
146.205 440.641 20
141.245 440.022 20
136.34 439.062 20
131.574 437.578 20
127.177 435.218 20
123.254 432.133 20
119.785 428.538 20
116.757 424.563 20
113.944 420.43 20
110.835 416.52 20
107.304 412.984 20
103.654 409.568 20
100.314 405.853 20
97.4011 401.791 20
94.6802 397.597 20
91.9908 393.382 20
89.2644 389.191 20
86.5422 384.997 20
84.0119 380.685 20
81.6624 376.272 20
79.4043 371.811 20
77.2152 367.316 20
75.0106 362.828 20
72.7429 358.372 20
70.5255 353.891 20
68.4338 349.35 20
66.5044 344.738 20
64.7945 340.04 20
63.2722 335.277 20
61.8059 330.497 20
60.2591 325.743 20
58.5394 321.048 20
56.7404 316.383 20
55.1263 311.652 20
53.87 306.815 20
53.0758 301.88 20
52.4803 296.915 20
51.9575 291.943 20
51.5161 286.963 20
51.2 281.973 20
51.0457 276.976 20
51.0057 271.976 20
51.0003 266.976 20
50.9999 261.976 20
50.9966 256.976 20
50.9713 251.976 20
50.8221 246.978 20
50.5063 241.989 20
50.1786 237 20
50.0528 232.002 20
50.1828 227.005 20
50.6213 222.026 20
51.383 217.085 20
52.2278 212.157 20
53.0882 207.231 20
54.1581 202.348 20
55.4657 197.523 20
56.9587 192.751 20
58.5812 188.022 20
60.2412 183.306 20
61.808 178.558 20
63.2877 173.782 20
64.8255 169.024 20
66.5504 164.332 20
68.5423 159.748 20
70.9809 155.387 20
73.8078 151.265 20
76.7733 147.239 20
79.7551 143.226 20
82.7405 139.215 20
85.6534 135.151 20
88.4027 130.976 20
90.9666 126.683 20
93.4884 122.366 20
96.0965 118.1 20
98.9454 113.995 20
102.318 110.314 20
106.39 107.453 20
1515
-0.380655 -0.924717 0
110 106 20
-0.0528564 -0.998602 0
114.785 104.717 20
0.672309 -0.740271 0
118.875 107.401 20
0.72855 -0.684993 0
122.422 110.923 20
0.721118 -0.692813 0
125.865 114.548 20
0.675887 -0.737006 0
129.431 118.052 20
0.653935 -0.756551 0
133.166 121.375 20
0.649701 -0.76019 0
136.976 124.612 20
0.657638 -0.753334 0
140.758 127.883 20
0.674409 -0.738358 0
144.483 131.218 20
0.686718 -0.726924 0
148.14 134.627 20
0.711154 -0.703036 0
151.696 138.142 20
0.720355 -0.693606 0
155.181 141.728 20
0.75912 -0.650951 0
158.527 145.442 20
0.839686 -0.543072 0
161.605 149.378 20
0.882462 -0.470383 0
164.172 153.664 20
0.944008 -0.329923 0
166.203 158.227 20
0.961254 -0.275664 0
167.726 162.988 20
0.976308 -0.216386 0
168.933 167.839 20
0.978441 -0.206528 0
169.989 172.726 20
0.978742 -0.205093 0
171.011 177.621 20
0.978006 -0.208574 0
172.046 182.512 20
0.981083 -0.193589 0
173.064 187.408 20
0.985124 -0.171845 0
173.966 192.325 20
0.995166 -0.0982044 0
174.615 197.282 20
0.998333 -0.0577238 0
174.976 202.268 20
0.998158 -0.0606692 0
175.218 207.262 20
0.990375 -0.138413 0
175.674 212.24 20
0.989236 -0.146331 0
176.382 217.189 20
0.992139 -0.125137 0
177.055 222.144 20
0.98992 -0.141631 0
177.718 227.099 20
0.98617 -0.16574 0
178.507 232.036 20
0.985313 -0.17076 0
179.348 236.965 20
0.974203 -0.225675 0
180.332 241.867 20
0.968013 -0.250899 0
181.53 246.721 20
0.947228 -0.32056 0
182.951 251.513 20
0.920771 -0.390104 0
184.762 256.17 20
0.832641 -0.553813 0
187.223 260.515 20
0.620583 -0.78414 0
190.34 264.41 20
0.414112 -0.910226 0
194.5 267.12 20
0.00459285 -0.999989 0
199.329 268.249 20
-0.0999902 -0.994988 0
204.318 268.034 20
-0.168332 -0.98573 0
209.266 267.322 20
-0.174377 -0.984679 0
214.192 266.465 20
-0.127152 -0.991883 0
219.129 265.681 20
-0.0772554 -0.997011 0
224.103 265.186 20
-0.0130006 -0.999915 0
229.1 265.024 20
-0.0127717 -0.999918 0
234.099 264.96 20
-0.0701453 -0.997537 0
239.094 264.74 20
-0.131911 -0.991262 0
244.068 264.248 20
-0.117978 -0.993016 0
249.028 263.615 20
-0.0299838 -0.99955 0
254.009 263.194 20
0.017273 -0.999851 0
259.007 263.148 20
0.0931412 -0.995653 0
263.998 263.431 20
0.112762 -0.993622 0
268.971 263.946 20
0.179232 -0.983807 0
273.921 264.647 20
0.246913 -0.969038 0
278.8 265.727 20
0.381104 -0.924532 0
283.518 267.369 20
0.405303 -0.914182 0
288.109 269.347 20
0.310427 -0.950597 0
292.77 271.15 20
0.0957624 -0.995404 0
297.618 272.341 20
-0.0245667 -0.999698 0
302.603 272.581 20
-0.262603 -0.964904 0
307.545 271.911 20
-0.340603 -0.940207 0
312.31 270.411 20
-0.483221 -0.875498 0
316.869 268.371 20
-0.584389 -0.811474 0
321.07 265.676 20
-0.789086 -0.614283 0
324.58 262.139 20
-0.867131 -0.49808 0
327.282 257.945 20
-0.929667 -0.3684 0
329.267 253.358 20
-0.943515 -0.33133 0
331.031 248.68 20
-0.948595 -0.316493 0
332.658 243.952 20
-0.963166 -0.268906 0
334.154 239.182 20
-0.971965 -0.235125 0
335.421 234.346 20
-0.980612 -0.195958 0
336.478 229.459 20
-0.981751 -0.19017 0
337.443 224.553 20
-0.988911 -0.148512 0
338.302 219.628 20
-0.993128 -0.117034 0
338.954 214.671 20
-0.996161 -0.0875376 0
339.433 209.694 20
-0.996713 -0.0810097 0
339.851 204.712 20
-0.996311 -0.0858157 0
340.253 199.728 20
-0.989476 -0.1447 0
340.765 194.755 20
-0.98234 -0.187105 0
341.571 189.821 20
-0.973669 -0.227968 0
342.626 184.935 20
-0.973694 -0.22786 0
343.766 180.066 20
-0.964006 -0.265881 0
344.964 175.212 20
-0.947991 -0.318296 0
346.427 170.433 20
-0.892312 -0.45142 0
348.38 165.835 20
-0.865088 -0.501621 0
350.781 161.452 20
-0.814683 -0.579907 0
353.52 157.27 20
-0.774141 -0.633013 0
356.589 153.327 20
-0.667061 -0.745003 0
360.141 149.812 20
-0.603673 -0.797232 0
364.001 146.638 20
-0.608496 -0.793557 0
367.98 143.61 20
-0.667682 -0.744447 0
371.858 140.455 20
-0.701723 -0.71245 0
375.506 137.038 20
-0.747536 -0.664222 0
378.942 133.407 20
-0.760035 -0.649882 0
382.227 129.637 20
-0.742674 -0.669653 0
385.498 125.857 20
-0.713846 -0.700303 0
388.931 122.223 20
-0.625495 -0.780228 0
392.646 118.881 20
-0.540646 -0.84125 0
396.727 116.004 20
-0.190093 -0.981766 0
401.39 114.287 20
0.313141 -0.949707 0
406.347 114.191 20
0.521638 -0.853167 0
410.91 116.158 20
0.772317 -0.635238 0
414.702 119.378 20
0.841327 -0.540527 0
417.659 123.399 20
0.911696 -0.410865 0
419.999 127.812 20
0.917936 -0.396728 0
422.017 132.386 20
0.887719 -0.460385 0
424.143 136.911 20
0.870413 -0.492322 0
426.534 141.301 20
0.857378 -0.514686 0
429.07 145.61 20
0.843267 -0.537494 0
431.712 149.855 20
0.779538 -0.626355 0
434.676 153.879 20
0.745363 -0.666658 0
437.91 157.691 20
0.755849 -0.654746 0
441.222 161.437 20
0.802002 -0.597321 0
444.385 165.308 20
0.817622 -0.575756 0
447.326 169.35 20
0.849136 -0.528174 0
450.11 173.503 20
0.864312 -0.502956 0
452.691 177.785 20
0.879403 -0.476079 0
455.14 182.143 20
0.901046 -0.433723 0
457.405 186.6 20
0.952876 -0.303359 0
459.186 191.267 20
0.965461 -0.260546 0
460.57 196.071 20
0.977075 -0.212896 0
461.704 200.94 20
0.977127 -0.212658 0
462.743 205.831 20
0.973407 -0.229084 0
463.839 210.709 20
0.972924 -0.231123 0
465.018 215.568 20
0.978463 -0.206423 0
466.118 220.445 20
0.990184 -0.139772 0
466.997 225.366 20
0.994951 -0.100359 0
467.597 230.329 20
0.999598 -0.0283659 0
467.895 235.319 20
0.999956 -0.00941483 0
467.985 240.318 20
0.99979 0.0204774 0
467.956 245.318 20
0.998534 0.0541229 0
467.753 250.313 20
0.991838 0.127505 0
467.235 255.285 20
0.99061 0.13672 0
466.568 260.241 20
0.992488 0.122344 0
465.921 265.199 20
0.997709 0.0676573 0
465.392 270.17 20
0.999344 0.0362238 0
465.113 275.162 20
0.999876 0.0157165 0
465.002 280.16 20
0.999353 0.03598 0
464.881 285.159 20
0.99039 0.138306 0
464.499 290.142 20
0.982619 0.185635 0
463.697 295.076 20
0.981091 0.193545 0
462.708 299.977 20
0.983775 0.179409 0
461.777 304.889 20
0.982467 0.186435 0
460.883 309.809 20
0.978483 0.206329 0
459.894 314.709 20
0.963771 0.266731 0
458.696 319.563 20
0.947847 0.318726 0
457.197 324.331 20
0.899024 0.4379 0
455.194 328.91 20
0.869207 0.494449 0
452.877 333.34 20
0.85759 0.514334 0
450.366 337.663 20
0.840162 0.542336 0
447.72 341.905 20
0.840804 0.54134 0
445.011 346.108 20
0.835583 0.549365 0
442.295 350.306 20
0.83753 0.546391 0
439.555 354.488 20
0.880065 0.474853 0
436.977 358.77 20
0.900418 0.435026 0
434.71 363.225 20
0.899823 0.436255 0
432.578 367.748 20
0.884059 0.467374 0
430.305 372.201 20
0.854362 0.519679 0
427.791 376.522 20
0.855505 0.517795 0
425.199 380.797 20
0.87965 0.475622 0
422.753 385.158 20
0.86327 0.504742 0
420.352 389.544 20
0.852384 0.522917 0
417.793 393.839 20
0.851616 0.524166 0
415.17 398.096 20
0.841952 0.539552 0
412.515 402.332 20
0.803629 0.595131 0
409.671 406.443 20
0.803302 0.595572 0
406.694 410.461 20
0.803705 0.595028 0
403.745 414.498 20
0.780237 0.625484 0
400.683 418.45 20
0.722082 0.691808 0
397.346 422.172 20
0.707473 0.70674 0
393.842 425.737 20
0.691278 0.722589 0
390.268 429.234 20
0.619108 0.785306 0
386.562 432.589 20
0.582842 0.812585 0
382.586 435.619 20
0.532383 0.846503 0
378.454 438.433 20
0.496027 0.868307 0
374.176 441.019 20
0.388277 0.921543 0
369.712 443.266 20
0.347502 0.937679 0
365.067 445.111 20
0.3161 0.948726 0
360.346 446.757 20
0.288935 0.957349 0
355.58 448.267 20
0.138669 0.990339 0
350.703 449.344 20
0.0496515 0.998767 0
345.727 449.78 20
-0.0671084 0.997746 0
340.731 449.632 20
-0.0858763 0.996306 0
335.747 449.237 20
-0.0870984 0.9962 0
330.766 448.799 20
-0.0641186 0.997942 0
325.784 448.383 20
-0.0372927 0.999304 0
320.791 448.114 20
-0.00408932 0.999992 0
315.793 448.014 20
-0.000640869 1 0
310.793 448.001 20
-3.05176e-05 1 0
305.793 448 20
-0.000183105 1 0
300.793 448 20
-0.00408932 0.999992 0
295.793 447.993 20
-0.0133057 0.999911 0
290.793 447.948 20
-0.0640862 0.997944 0
285.797 447.762 20
-0.100891 0.994898 0
280.816 447.338 20
-0.15817 0.987412 0
275.864 446.647 20
-0.167422 0.985885 0
270.932 445.828 20
-0.166106 0.986108 0
266.002 444.995 20
-0.147187 0.989109 0
261.07 444.173 20
-0.110107 0.99392 0
256.115 443.506 20
-0.0357362 0.999361 0
251.131 443.126 20
-0.0296017 0.999562 0
246.134 442.961 20
-0.0700693 0.997542 0
241.139 442.731 20
-0.0767525 0.99705 0
236.153 442.364 20
-0.0284583 0.999595 0
231.161 442.091 20
-0.00834652 0.999965 0
226.162 442.005 20
0.000244141 1 0
221.162 441.999 20
9.15527e-05 1 0
216.162 442 20
0 1 0
211.162 442 20
0 1 0
206.162 442 20
0 1 0
201.162 442 20
0 1 0
196.162 442 20
0 1 0
191.162 442 20
0 1 0
186.162 442 20
0 1 0
181.162 442 20
-0.000320435 1 0
176.162 442 20
-0.00285347 0.999996 0
171.162 441.992 20
-0.0341033 0.999418 0
166.163 441.912 20
-0.0620268 0.998074 0
161.17 441.662 20
-0.0688785 0.997625 0
156.183 441.293 20
-0.0536648 0.998559 0
151.192 440.997 20
-0.0930202 0.995664 0
146.205 440.641 20
-0.172638 0.984985 0
141.245 440.022 20
-0.221591 0.97514 0
136.34 439.062 20
-0.419661 0.907681 0
131.574 437.578 20
-0.531605 0.846992 0
127.177 435.218 20
-0.688962 0.724797 0
123.254 432.133 20
-0.745564 0.666434 0
119.785 428.538 20
-0.824584 0.565739 0
116.757 424.563 20
-0.828204 0.560427 0
113.944 420.43 20
-0.741711 0.670719 0
110.835 416.52 20
-0.672552 0.740049 0
107.304 412.984 20
-0.700811 0.713347 0
103.654 409.568 20
-0.799626 0.600498 0
100.314 405.853 20
-0.828489 0.560006 0
97.4011 401.791 20
-0.843786 0.53668 0
94.6802 397.597 20
-0.842228 0.539121 0
91.9908 393.382 20
-0.83509 0.550114 0
89.2644 389.191 20
-0.841879 0.539667 0
86.5422 384.997 20
-0.877329 0.47989 0
84.0119 380.685 20
-0.886352 0.463012 0
81.6624 376.272 20
-0.89618 0.443691 0
79.4043 371.811 20
-0.900652 0.434541 0
77.2152 367.316 20
-0.893651 0.448763 0
75.0106 362.828 20
-0.893099 0.449861 0
72.7429 358.372 20
-0.901021 0.433775 0
70.5255 353.891 20
-0.917765 0.397123 0
68.4338 349.35 20
-0.928168 0.372161 0
66.5044 344.738 20
-0.949968 0.312347 0
64.7945 340.04 20
-0.954964 0.296721 0
63.2722 335.277 20
-0.954508 0.298187 0
61.8059 330.497 20
-0.94798 0.31833 0
60.2591 325.743 20
-0.933264 0.359191 0
58.5394 321.048 20
-0.932876 0.360199 0
56.7404 316.383 20
-0.956793 0.29077 0
55.1263 311.652 20
-0.984571 0.174987 0
53.87 306.815 20
-0.991211 0.132294 0
53.0758 301.88 20
-0.994094 0.108521 0
52.4803 296.915 20
-0.995066 0.0992129 0
51.9575 291.943 20
-0.997343 0.0728456 0
51.5161 286.963 20
-0.998633 0.0522767 0
51.2 281.973 20
-0.999923 0.0124206 0
51.0457 276.976 20
-0.999993 0.0038147 0
51.0057 271.976 20
-1 0.000152588 0
51.0003 266.976 20
-1 6.10352e-05 0
50.9999 261.976 20
-0.999999 0.00161743 0
50.9966 256.976 20
-0.999976 0.00698854 0
50.9713 251.976 20
-0.998922 0.0464173 0
50.8221 246.978 20
-0.997249 0.0741274 0
50.5063 241.989 20
-0.998638 0.0521698 0
50.1786 237 20
-0.999939 -0.0110779 0
50.0528 232.002 20
-0.999 -0.0447082 0
50.1828 227.005 20
-0.990485 -0.137619 0
50.6213 222.026 20
-0.985968 -0.166932 0
51.383 217.085 20
-0.986131 -0.16597 0
52.2278 212.157 20
-0.9842 -0.177063 0
53.0882 207.231 20
-0.969586 -0.244751 0
54.1581 202.348 20
-0.961972 -0.273147 0
55.4657 197.523 20
-0.949384 -0.314119 0
56.9587 192.751 20
-0.943793 -0.330537 0
58.5812 188.022 20
-0.945594 -0.325348 0
60.2412 183.306 20
-0.955252 -0.295792 0
61.808 178.558 20
-0.955134 -0.296174 0
63.2877 173.782 20
-0.942983 -0.332842 0
64.8255 169.024 20
-0.932397 -0.361435 0
66.5504 164.332 20
-0.889929 -0.456099 0
68.5423 159.748 20
-0.853392 -0.52127 0
70.9809 155.387 20
-0.807183 -0.590302 0
73.8078 151.265 20
-0.803352 -0.595504 0
76.7733 147.239 20
-0.802094 -0.597198 0
79.7551 143.226 20
-0.802243 -0.596998 0
82.7405 139.215 20
-0.823894 -0.566744 0
85.6534 135.151 20
-0.841483 -0.540283 0
88.4027 130.976 20
-0.863807 -0.503822 0
90.9666 126.683 20
-0.857969 -0.513701 0
93.4884 122.366 20
-0.845916 -0.533317 0
96.0965 118.1 20
-0.772071 -0.635536 0
98.9454 113.995 20
-0.694899 -0.719107 0
102.318 110.314 20
-0.443428 -0.89631 0
106.39 107.453 20
-0.947472 -0.257476 0.189744
55.0477 199.711 35.8604
-0.947472 -0.257476 -0.189744
55.0477 199.711 4.1396
-0.952614 -0.218716 0.211401
55.0477 204.711 37.6706
-0.952614 -0.218716 -0.211401
55.0477 204.711 2.32936
-0.95322 -0.180127 0.242744
55.0477 209.711 40.2906
-0.95322 -0.180127 -0.242744
55.0477 209.711 -0.290607
-0.948145 -0.163536 0.272538
55.0477 214.711 42.781
-0.948145 -0.163536 -0.272538
55.0477 214.711 -2.78098
-0.943431 -0.139911 0.300605
55.0477 219.711 45.1271
-0.943431 -0.139911 -0.300605
55.0477 219.711 -5.12708
-0.942065 -0.097093 0.321072
55.0477 224.711 46.8379
-0.942065 -0.097093 -0.321072
55.0477 224.711 -6.83789
-0.942956 -0.0518103 0.32886
55.0477 229.711 47.4889
-0.942956 -0.0518103 -0.32886
55.0477 229.711 -7.4889
-0.944735 -0.013215 0.32757
55.0477 234.711 47.381
-0.944735 -0.013215 -0.32757
55.0477 234.711 -7.38104
-0.947825 0.0153213 0.318424
55.0477 239.711 46.6166
-0.947825 0.0153213 -0.318424
55.0477 239.711 -6.61655
-0.951903 0.0219739 0.30561
55.0477 244.711 45.5454
-0.951903 0.0219739 -0.30561
55.0477 244.711 -5.54544
-0.955337 0.0121794 0.295266
55.0477 249.711 44.6808
-0.955337 0.0121794 -0.295266
55.0477 249.711 -4.68082
-0.957181 0.0036734 0.289467
55.0477 254.711 44.1961
-0.957181 0.0036734 -0.289467
55.0477 254.711 -4.19608
-0.958058 0.00228535 0.286566
55.0477 259.711 43.9536
-0.958058 0.00228535 -0.286566
55.0477 259.711 -3.9536
-0.958627 0.00451649 0.284628
55.0477 264.711 43.7916
-0.958627 0.00451649 -0.284628
55.0477 264.711 -3.79162
-0.959069 0.0101669 0.28299
55.0477 269.711 43.6546
-0.959069 0.0101669 -0.28299
55.0477 269.711 -3.65463
-0.959513 0.0208749 0.28089
55.0477 274.711 43.4791
-0.959513 0.0208749 -0.28089
55.0477 274.711 -3.47913
-0.960165 0.0413526 0.276357
55.0477 279.711 43.1002
-0.960165 0.0413526 -0.276357
55.0477 279.711 -3.10023
-0.961489 0.065447 0.266936
55.0477 284.711 42.3128
-0.961489 0.065447 -0.266936
55.0477 284.711 -2.31277
-0.963406 0.0886098 0.252978
55.0477 289.711 41.146
-0.963406 0.0886098 -0.252978
55.0477 289.711 -1.14599
-0.965785 0.108524 0.235547
55.0477 294.711 39.689
-0.965785 0.108524 -0.235547
55.0477 294.711 0.310989
-0.967483 0.131332 0.216166
55.0477 299.711 38.069
-0.967483 0.131332 -0.216166
55.0477 299.711 1.93105
-0.966517 0.168935 0.193149
55.0477 304.711 36.145
-0.966517 0.168935 -0.193149
55.0477 304.711 3.85499
-0.952258 0.252008 0.172326
55.0477 309.711 34.4044
-0.952258 0.252008 -0.172326
55.0477 309.711 5.59559
-0.934212 -0.322034 0.153433
60.0477 184.711 32.8252
-0.934212 -0.322034 -0.153433
60.0477 184.711 7.17478
-0.923905 -0.316814 0.214543
60.0477 189.711 37.9333
-0.923905 -0.316814 -0.214543
60.0477 189.711 2.06668
-0.913033 -0.28909 0.287744
60.0477 194.711 44.0521
-0.913033 -0.28909 -0.287744
60.0477 194.711 -4.05209
-0.905304 -0.255203 0.339552
60.0477 199.711 48.3826
-0.905304 -0.255203 -0.339552
60.0477 199.711 -8.38264
-0.899403 -0.221755 0.376696
60.0477 204.711 51.4874
-0.899403 -0.221755 -0.376696
60.0477 204.711 -11.4874
-0.894879 -0.19101 0.403369
60.0477 209.711 53.717
-0.894879 -0.19101 -0.403369
60.0477 209.711 -13.717
-0.890391 -0.165761 0.423943
60.0477 214.711 55.4367
-0.890391 -0.165761 -0.423943
60.0477 214.711 -15.4367
-0.886875 -0.13867 0.440707
60.0477 219.711 56.838
-0.886875 -0.13867 -0.440707
60.0477 219.711 -16.838
-0.885492 -0.106194 0.452356
60.0477 224.711 57.8117
-0.885492 -0.106194 -0.452356
60.0477 224.711 -17.8117
-0.88629 -0.0724027 0.457436
60.0477 229.711 58.2363
-0.88629 -0.0724027 -0.457436
60.0477 229.711 -18.2363
-0.888741 -0.0423491 0.45645
60.0477 234.711 58.1539
-0.888741 -0.0423491 -0.45645
60.0477 234.711 -18.1539
-0.892422 -0.0197985 0.450768
60.0477 239.711 57.6789
-0.892422 -0.0197985 -0.450768
60.0477 239.711 -17.6789
-0.896635 -0.0077295 0.442704
60.0477 244.711 57.0049
-0.896635 -0.0077295 -0.442704
60.0477 244.711 -17.0049
-0.900394 -0.00400317 0.435058
60.0477 249.711 56.3658
-0.900394 -0.00400317 -0.435058
60.0477 249.711 -16.3658
-0.903147 -0.00252397 0.429324
60.0477 254.711 55.8865
-0.903147 -0.00252397 -0.429324
60.0477 254.711 -15.8865
-0.905076 0.000734998 0.425249
60.0477 259.711 55.5458
-0.905076 0.000734998 -0.425249
60.0477 259.711 -15.5458
-0.906558 0.0066193 0.422029
60.0477 264.711 55.2767
-0.906558 0.0066193 -0.422029
60.0477 264.711 -15.2767
-0.907833 0.0156325 0.41904
60.0477 269.711 55.0269
-0.907833 0.0156325 -0.41904
60.0477 269.711 -15.0269
-0.909099 0.0287244 0.41559
60.0477 274.711 54.7385
-0.909099 0.0287244 -0.41559
60.0477 274.711 -14.7385
-0.910613 0.0466176 0.410622
60.0477 279.711 54.3232
-0.910613 0.0466176 -0.410622
60.0477 279.711 -14.3232
-0.912622 0.0677552 0.403151
60.0477 284.711 53.6987
-0.912622 0.0677552 -0.403151
60.0477 284.711 -13.6987
-0.915101 0.0903039 0.392982
60.0477 289.711 52.8488
-0.915101 0.0903039 -0.392982
60.0477 289.711 -12.8488
-0.917738 0.114168 0.380424
60.0477 294.711 51.7991
-0.917738 0.114168 -0.380424
60.0477 294.711 -11.7991
-0.919891 0.142411 0.365403
60.0477 299.711 50.5434
-0.919891 0.142411 -0.365403
60.0477 299.711 -10.5434
-0.920677 0.181247 0.345694
60.0477 304.711 48.896
-0.920677 0.181247 -0.345694
60.0477 304.711 -8.89596
-0.919002 0.237564 0.314641
60.0477 309.711 46.3003
-0.919002 0.237564 -0.314641
60.0477 309.711 -6.3003
-0.916946 0.299841 0.263257
60.0477 314.711 42.0052
-0.916946 0.299841 -0.263257
60.0477 314.711 -2.00523
-0.924113 0.337264 0.179634
60.0477 319.711 35.0153
-0.924113 0.337264 -0.179634
60.0477 319.711 4.98466
-0.942421 0.317499 0.105053
60.0477 324.711 28.7812
-0.942421 0.317499 -0.105053
60.0477 324.711 11.2188
-0.938332 -0.333398 0.0915355
65.0477 169.711 27.6513
-0.938332 -0.333398 -0.0915355
65.0477 169.711 12.3487
-0.927972 -0.306855 0.211444
65.0477 174.711 37.6743
-0.927972 -0.306855 -0.211444
65.0477 174.711 2.32574
-0.905092 -0.308478 0.292661
65.0477 179.711 44.463
-0.905092 -0.308478 -0.292661
65.0477 179.711 -4.46304
-0.883159 -0.31066 0.351455
65.0477 184.711 49.3775
-0.883159 -0.31066 -0.351455
65.0477 184.711 -9.37752
-0.866362 -0.299393 0.399726
65.0477 189.711 53.4124
-0.866362 -0.299393 -0.399726
65.0477 189.711 -13.4124
-0.854006 -0.278337 0.439547
65.0477 194.711 56.741
-0.854006 -0.278337 -0.439547
65.0477 194.711 -16.741
-0.844987 -0.252092 0.471641
65.0477 199.711 59.4237
-0.844987 -0.252092 -0.471641
65.0477 199.711 -19.4237
-0.838379 -0.224249 0.496823
65.0477 204.711 61.5286
-0.838379 -0.224249 -0.496823
65.0477 204.711 -21.5286
-0.865563 0.0912311 0.49242
65.0477 289.711 61.1606
-0.865563 0.0912311 -0.49242
65.0477 289.711 -21.1606
-0.868833 0.116305 0.481252
65.0477 294.711 60.227
-0.868833 0.116305 -0.481252
65.0477 294.711 -20.227
-0.871943 0.145448 0.467505
65.0477 299.711 59.0779
-0.871943 0.145448 -0.467505
65.0477 299.711 -19.0779
-0.87477 0.180654 0.449602
65.0477 304.711 57.5815
-0.87477 0.180654 -0.449602
65.0477 304.711 -17.5815
-0.877748 0.221583 0.424805
65.0477 309.711 55.5087
-0.877748 0.221583 -0.424805
65.0477 309.711 -15.5087
-0.882585 0.261402 0.390785
65.0477 314.711 52.6651
-0.882585 0.261402 -0.390785
65.0477 314.711 -12.6651
-0.891984 0.288957 0.34766
65.0477 319.711 49.0603
-0.891984 0.288957 -0.34766
65.0477 319.711 -9.06034
-0.906812 0.298392 0.297749
65.0477 324.711 44.8884
-0.906812 0.298392 -0.297749
65.0477 324.711 -4.88839
-0.923504 0.298152 0.241341
65.0477 329.711 40.1733
-0.923504 0.298152 -0.241341
65.0477 329.711 -0.173264
-0.939428 0.299824 0.166073
65.0477 334.711 33.8818
-0.939428 0.299824 -0.166073
65.0477 334.711 6.11821
-0.948861 0.312654 0.043701
65.0477 339.711 23.6529
-0.948861 0.312654 -0.043701
65.0477 339.711 16.3471
-0.872572 -0.454659 0.178615
70.0477 159.711 34.9301
-0.872572 -0.454659 -0.178615
70.0477 159.711 5.0699
-0.868312 -0.390763 0.305512
70.0477 164.711 45.5372
-0.868312 -0.390763 -0.305512
70.0477 164.711 -5.53723
-0.85754 -0.356906 0.370465
70.0477 169.711 50.9665
-0.85754 -0.356906 -0.370465
70.0477 169.711 -10.9665
-0.845197 -0.333946 0.417279
70.0477 174.711 54.8797
-0.845197 -0.333946 -0.417279
70.0477 174.711 -14.8797
-0.830765 -0.319901 0.455513
70.0477 179.711 58.0756
-0.830765 -0.319901 -0.455513
70.0477 179.711 -18.0756
-0.815586 -0.30838 0.489613
70.0477 184.711 60.926
-0.815586 -0.30838 -0.489613
70.0477 184.711 -20.926
-0.843413 0.237171 0.482084
70.0477 314.711 60.2966
-0.843413 0.237171 -0.482084
70.0477 314.711 -20.2966
-0.85343 0.262149 0.450483
70.0477 319.711 57.6551
-0.85343 0.262149 -0.450483
70.0477 319.711 -17.6551
-0.865501 0.279263 0.415837
70.0477 324.711 54.7591
-0.865501 0.279263 -0.415837
70.0477 324.711 -14.7591
-0.877882 0.291808 0.379699
70.0477 329.711 51.7384
-0.877882 0.291808 -0.379699
70.0477 329.711 -11.7384
-0.888682 0.305856 0.34161
70.0477 334.711 48.5546
-0.888682 0.305856 -0.34161
70.0477 334.711 -8.55459
-0.896339 0.328167 0.298132
70.0477 339.711 44.9203
-0.896339 0.328167 -0.298132
70.0477 339.711 -4.92035
-0.900163 0.36283 0.240959
70.0477 344.711 40.1414
-0.900163 0.36283 -0.240959
70.0477 344.711 -0.141371
-0.906565 0.39489 0.149005
70.0477 349.711 32.4551
-0.906565 0.39489 -0.149005
70.0477 349.711 7.54493
-0.793003 -0.573714 0.204936
75.0477 149.711 37.1303
-0.793003 -0.573714 -0.204936
75.0477 149.711 2.86971
-0.794823 -0.527199 0.30053
75.0477 154.711 45.1208
-0.794823 -0.527199 -0.30053
75.0477 154.711 -5.12079
-0.79196 -0.464871 0.395846
75.0477 159.711 53.0881
-0.79196 -0.464871 -0.395846
75.0477 159.711 -13.0881
-0.785819 -0.414078 0.459378
75.0477 164.711 58.3987
-0.785819 -0.414078 -0.459378
75.0477 164.711 -18.3987
-0.833682 0.28302 0.474209
75.0477 329.711 59.6383
-0.833682 0.28302 -0.474209
75.0477 329.711 -19.6383
-0.84368 0.302811 0.443294
75.0477 334.711 57.0542
-0.84368 0.302811 -0.443294
75.0477 334.711 -17.0542
-0.852056 0.326676 0.409004
75.0477 339.711 54.1879
-0.852056 0.326676 -0.409004
75.0477 339.711 -14.1879
-0.859094 0.355219 0.36848
75.0477 344.711 50.8006
-0.859094 0.355219 -0.36848
75.0477 344.711 -10.8006
-0.865671 0.386271 0.318447
75.0477 349.711 46.6184
-0.865671 0.386271 -0.318447
75.0477 349.711 -6.61844
-0.872423 0.416721 0.255387
75.0477 354.711 41.3474
-0.872423 0.416721 -0.255387
75.0477 354.711 -1.3474
-0.880225 0.437058 0.184893
75.0477 359.711 35.4549
-0.880225 0.437058 -0.184893
75.0477 359.711 4.54513
-0.788209 -0.587021 0.184751
80.0477 144.711 35.4431
-0.788209 -0.587021 -0.184751
80.0477 144.711 4.55695
-0.756437 -0.553544 0.348413
80.0477 149.711 49.1233
-0.756437 -0.553544 -0.348413
80.0477 149.711 -9.12328
-0.734176 -0.509574 0.448686
80.0477 154.711 57.5049
-0.734176 -0.509574 -0.448686
80.0477 154.711 -17.5049
-0.809528 0.319185 0.492732
80.0477 339.711 61.1867
-0.809528 0.319185 -0.492732
80.0477 339.711 -21.1867
-0.818479 0.345364 0.459147
80.0477 344.711 58.3793
-0.818479 0.345364 -0.459147
80.0477 344.711 -18.3793
-0.827557 0.372405 0.420077
80.0477 349.711 55.1136
-0.827557 0.372405 -0.420077
80.0477 349.711 -15.1136
-0.837719 0.397994 0.373935
80.0477 354.711 51.2566
-0.837719 0.397994 -0.373935
80.0477 354.711 -11.2566
-0.850395 0.418603 0.318746
80.0477 359.711 46.6435
-0.850395 0.418603 -0.318746
80.0477 359.711 -6.6435
-0.866876 0.430337 0.251666
80.0477 364.711 41.0364
-0.866876 0.430337 -0.251666
80.0477 364.711 -1.03636
-0.880783 0.440119 0.174688
80.0477 369.711 34.6019
-0.880783 0.440119 -0.174688
80.0477 369.711 5.39813
-0.773052 -0.5763 0.265083
85.0477 139.711 42.1579
-0.773052 -0.5763 -0.265083
85.0477 139.711 -2.15788
-0.726917 -0.554607 0.404972
85.0477 144.711 53.851
-0.726917 -0.554607 -0.404972
85.0477 144.711 -13.851
-0.691322 -0.526986 0.494327
85.0477 149.711 61.32
-0.691322 -0.526986 -0.494327
85.0477 149.711 -21.32
-0.788258 0.359448 0.499446
85.0477 349.711 61.7479
-0.788258 0.359448 -0.499446
85.0477 349.711 -21.7479
-0.799587 0.383294 0.462327
85.0477 354.711 58.6451
-0.799587 0.383294 -0.462327
85.0477 354.711 -18.6451
-0.81219 0.404329 0.420553
85.0477 359.711 55.1533
-0.81219 0.404329 -0.420553
85.0477 359.711 -15.1533
-0.825977 0.422073 0.373652
85.0477 364.711 51.2329
-0.825977 0.422073 -0.373652
85.0477 364.711 -11.2329
-0.839749 0.438879 0.319697
85.0477 369.711 46.7229
-0.839749 0.438879 -0.319697
85.0477 369.711 -6.72292
-0.852657 0.458238 0.250986
85.0477 374.711 40.9795
-0.852657 0.458238 -0.250986
85.0477 374.711 -0.97949
-0.867206 0.479747 0.133402
85.0477 379.711 31.1509
-0.867206 0.479747 -0.133402
85.0477 379.711 8.84911
-0.808106 -0.532796 0.251184
90.0477 129.711 40.9961
-0.808106 -0.532796 -0.251184
90.0477 129.711 -0.996058
-0.754841 -0.54501 0.364938
90.0477 134.711 50.5045
-0.754841 -0.54501 -0.364938
90.0477 134.711 -10.5045
-0.696567 -0.544746 0.466955
90.0477 139.711 59.032
-0.696567 -0.544746 -0.466955
90.0477 139.711 -19.032
-0.771842 0.393483 0.499431
90.0477 359.711 61.7466
-0.771842 0.393483 -0.499431
90.0477 359.711 -21.7466
-0.784356 0.414504 0.46149
90.0477 364.711 58.5752
-0.784356 0.414504 -0.46149
90.0477 364.711 -18.5752
-0.796544 0.435436 0.41942
90.0477 369.711 55.0586
-0.796544 0.435436 -0.41942
90.0477 369.711 -15.0586
-0.807652 0.458144 0.371217
90.0477 374.711 51.0294
-0.807652 0.458144 -0.371217
90.0477 374.711 -11.0294
-0.816317 0.485617 0.312734
90.0477 379.711 46.141
-0.816317 0.485617 -0.312734
90.0477 379.711 -6.14095
-0.821461 0.519944 0.234222
90.0477 384.711 39.5782
-0.821461 0.519944 -0.234222
90.0477 384.711 0.421795
-0.832121 0.546744 0.0929846
90.0477 389.711 27.7724
-0.832121 0.546744 -0.0929846
90.0477 389.711 12.2276
-0.773948 -0.528924 0.348202
95.0477 124.711 49.1056
-0.773948 -0.528924 -0.348202
95.0477 124.711 -9.10561
-0.706461 -0.534078 0.464408
95.0477 129.711 58.8191
-0.706461 -0.534078 -0.464408
95.0477 129.711 -18.8191
-0.754115 0.430107 0.496305
95.0477 369.711 61.4853
-0.754115 0.430107 -0.496305
95.0477 369.711 -21.4853
-0.765018 0.454419 0.456345
95.0477 374.711 58.1451
-0.765018 0.454419 -0.456345
95.0477 374.711 -18.1451
-0.775235 0.480557 0.40997
95.0477 379.711 54.2687
-0.775235 0.480557 -0.40997
95.0477 379.711 -14.2687
-0.786128 0.506938 0.353577
95.0477 384.711 49.5549
-0.786128 0.506938 -0.353577
95.0477 384.711 -9.5549
-0.801472 0.527199 0.282318
95.0477 389.711 43.5985
-0.801472 0.527199 -0.282318
95.0477 389.711 -3.59853
-0.819788 0.53687 0.199295
95.0477 394.711 36.6588
-0.819788 0.53687 -0.199295
95.0477 394.711 3.34125
-0.734157 -0.636354 0.236786
100.048 114.711 39.7925
-0.734157 -0.636354 -0.236786
100.048 114.711 0.207466
-0.659321 -0.584458 0.472975
100.048 119.711 59.5352
-0.659321 -0.584458 -0.472975
100.048 119.711 -19.5352
-0.73413 0.474158 0.486032
100.048 379.711 60.6267
-0.73413 0.474158 -0.486032
100.048 379.711 -20.6267
-0.7459 0.498977 0.441198
100.048 384.711 56.879
-0.7459 0.498977 -0.441198
100.048 384.711 -16.879
-0.759532 0.52128 0.389074
100.048 389.711 52.5221
-0.759532 0.52128 -0.389074
100.048 389.711 -12.5221
-0.774948 0.540826 0.327051
100.048 394.711 47.3376
-0.774948 0.540826 -0.327051
100.048 394.711 -7.33765
-0.79015 0.562276 0.243943
100.048 399.711 40.3908
-0.79015 0.562276 -0.243943
100.048 399.711 -0.390831
-0.792457 0.598352 0.118262
100.048 404.711 29.8853
-0.792457 0.598352 -0.118262
100.048 404.711 10.1147
-0.495509 -0.787811 0.365821
105.048 109.711 50.5784
-0.495509 -0.787811 -0.365821
105.048 109.711 -10.5784
-0.714811 0.519094 0.468601
105.048 389.711 59.1696
-0.714811 0.519094 -0.468601
105.048 389.711 -19.1696
-0.72567 0.544999 0.419975
105.048 394.711 55.105
-0.72567 0.544999 -0.419975
105.048 394.711 -15.105
-0.733175 0.575748 0.361896
105.048 399.711 50.2503
-0.733175 0.575748 -0.361896
105.048 399.711 -10.2503
-0.729432 0.621731 0.28527
105.048 404.711 43.8453
-0.729432 0.621731 -0.28527
105.048 404.711 -3.84525
-0.701163 0.699297 0.139118
105.048 409.711 31.6286
-0.701163 0.699297 -0.139118
105.048 409.711 8.37138
-0.27015 -0.82853 0.490466
110.048 109.711 60.9973
-0.27015 -0.82853 -0.490466
110.048 109.711 -20.9973
-0.679412 0.545771 0.490442
110.048 394.711 60.9952
-0.679412 0.545771 -0.490442
110.048 394.711 -20.9952
-0.686287 0.578408 0.440971
110.048 399.711 56.86
-0.686287 0.578408 -0.440971
110.048 399.711 -16.86
-0.688905 0.618552 0.377893
110.048 404.711 51.5875
-0.688905 0.618552 -0.377893
110.048 404.711 -11.5875
-0.68836 0.666392 0.286499
110.048 409.711 43.948
-0.68836 0.666392 -0.286499
110.048 409.711 -3.94801
-0.718525 0.673212 0.174664
110.048 414.711 34.5998
-0.718525 0.673212 -0.174664
110.048 414.711 5.40016
-0.654564 0.605485 0.452697
115.048 404.711 57.8402
-0.654564 0.605485 -0.452697
115.048 404.711 -17.8402
-0.672383 0.630991 0.386977
115.048 409.711 52.3468
-0.672383 0.630991 -0.386977
115.048 409.711 -12.3468
-0.711303 0.634294 0.302852
115.048 414.711 45.3149
-0.711303 0.634294 -0.302852
115.048 414.711 -5.31488
-0.805447 0.574043 0.147412
115.048 419.711 32.322
-0.805447 0.574043 -0.147412
115.048 419.711 7.67804
0.56025 -0.722183 0.405674
120.048 109.711 53.9097
0.56025 -0.722183 -0.405674
120.048 109.711 -13.9097
-0.632535 0.61758 0.467434
120.048 409.711 59.072
-0.632535 0.61758 -0.467434
120.048 409.711 -19.072
-0.662631 0.625793 0.411464
120.048 414.711 54.3936
-0.662631 0.625793 -0.411464
120.048 414.711 -14.3936
-0.702293 0.621689 0.346826
120.048 419.711 48.9906
-0.702293 0.621689 -0.346826
120.048 419.711 -8.99058
-0.732612 0.628712 0.26077
120.048 424.711 41.7973
-0.732612 0.628712 -0.26077
120.048 424.711 -1.79731
0.700902 -0.693287 0.167598
125.048 114.711 34.0092
0.700902 -0.693287 -0.167598
125.048 114.711 5.99077
0.522522 -0.697337 0.490604
125.048 119.711 61.0088
0.522522 -0.697337 -0.490604
125.048 119.711 -21.0088
-0.595117 0.637511 0.489301
125.048 414.711 60.8998
-0.595117 0.637511 -0.489301
125.048 414.711 -20.8998
-0.611824 0.656153 0.44174
125.048 419.711 56.9243
-0.611824 0.656153 -0.44174
125.048 419.711 -16.9243
-0.622428 0.684345 0.37981
125.048 424.711 51.7477
-0.622428 0.684345 -0.37981
125.048 424.711 -11.7477
-0.629927 0.727384 0.272221
125.048 429.711 42.7545
-0.629927 0.727384 -0.272221
125.048 429.711 -2.75454
0.633082 -0.72866 0.26127
130.048 119.711 41.8391
0.633082 -0.72866 -0.26127
130.048 119.711 -1.8391
0.537761 -0.707368 0.458742
130.048 124.711 58.3455
0.537761 -0.707368 -0.458742
130.048 124.711 -18.3455
-0.519376 0.724155 0.453705
130.048 424.711 57.9244
-0.519376 0.724155 -0.453705
130.048 424.711 -17.9244
-0.501406 0.778289 0.377967
130.048 429.711 51.5936
-0.501406 0.778289 -0.377967
130.048 429.711 -11.5936
-0.469581 0.847726 0.246687
130.048 434.711 40.6201
-0.469581 0.847726 -0.246687
130.048 434.711 -0.620125
0.618516 -0.742084 0.258359
135.048 124.711 41.5958
0.618516 -0.742084 -0.258359
135.048 124.711 -1.5958
0.549922 -0.699854 0.45584
135.048 129.711 58.1029
0.549922 -0.699854 -0.45584
135.048 129.711 -18.1029
-0.427782 0.754574 0.497615
135.048 424.711 61.5948
-0.427782 0.754574 -0.497615
135.048 424.711 -21.5948
-0.395667 0.812235 0.428629
135.048 429.711 55.8284
-0.395667 0.812235 -0.428629
135.048 429.711 -15.8284
-0.344564 0.884199 0.315385
135.048 434.711 46.3625
-0.344564 0.884199 -0.315385
135.048 434.711 -6.36251
0.630242 -0.733195 0.255381
140.048 129.711 41.3469
0.630242 -0.733195 -0.255381
140.048 129.711 -1.34686
0.573641 -0.680798 0.455467
140.048 134.711 58.0718
0.573641 -0.680798 -0.455467
140.048 134.711 -18.0718
-0.31066 0.835744 0.452795
140.048 429.711 57.8484
-0.31066 0.835744 -0.452795
140.048 429.711 -17.8484
-0.253525 0.904541 0.342828
140.048 434.711 48.6564
-0.253525 0.904541 -0.342828
140.048 434.711 -8.65642
-0.185275 0.972533 0.140903
140.048 439.711 31.7778
-0.185275 0.972533 -0.140903
140.048 439.711 8.22215
0.6427 -0.703729 0.302824
145.048 134.711 45.3126
0.6427 -0.703729 -0.302824
145.048 134.711 -5.31257
0.604467 -0.654318 0.454409
145.048 139.711 57.9833
0.604467 -0.654318 -0.454409
145.048 139.711 -17.9833
-0.246347 0.851296 0.463258
145.048 429.711 58.723
-0.246347 0.851296 -0.463258
145.048 429.711 -18.723
-0.191633 0.914758 0.355661
145.048 434.711 49.7291
-0.191633 0.914758 -0.355661
145.048 434.711 -9.72915
-0.11608 0.980358 0.159447
145.048 439.711 33.3279
-0.11608 0.980358 -0.159447
145.048 439.711 6.67209
0.679909 -0.680533 0.273128
150.048 139.711 42.8303
0.679909 -0.680533 -0.273128
150.048 139.711 -2.83034
0.644155 -0.618647 0.449822
150.048 144.711 57.5999
0.644155 -0.618647 -0.449822
150.048 144.711 -17.5999
-0.198367 0.861785 0.466881
150.048 429.711 59.0258
-0.198367 0.861785 -0.466881
150.048 429.711 -19.0258
-0.147401 0.921284 0.359874
150.048 434.711 50.0813
-0.147401 0.921284 -0.359874
150.048 434.711 -10.0813
-0.0781536 0.982067 0.171573
150.048 439.711 34.3415
-0.0781536 0.982067 -0.171573
150.048 439.711 5.65851
0.708682 -0.639703 0.297573
155.048 144.711 44.8736
0.708682 -0.639703 -0.297573
155.048 144.711 -4.87365
0.704993 -0.558326 0.437329
155.048 149.711 56.5556
0.704993 -0.558326 -0.437329
155.048 149.711 -16.5556
-0.16332 0.868829 0.467401
155.048 429.711 59.0693
-0.16332 0.868829 -0.467401
155.048 429.711 -19.0693
-0.121487 0.924843 0.360424
155.048 434.711 50.1273
-0.121487 0.924843 -0.360424
155.048 434.711 -10.1273
-0.079381 0.980534 0.179585
155.048 439.711 35.0112
-0.079381 0.980534 -0.179585
155.048 439.711 4.98879
0.812024 -0.541419 0.217904
160.048 149.711 38.2142
0.812024 -0.541419 -0.217904
160.048 149.711 1.78576
0.79551 -0.463627 0.390146
160.048 154.711 52.6117
0.79551 -0.463627 -0.390146
160.048 154.711 -12.6117
0.790246 -0.390087 0.472593
160.048 159.711 59.5033
0.790246 -0.390087 -0.472593
160.048 159.711 -19.5033
-0.136321 0.87358 0.467199
160.048 429.711 59.0524
-0.136321 0.87358 -0.467199
160.048 429.711 -19.0524
-0.102512 0.926558 0.361915
160.048 434.711 50.2518
-0.102512 0.926558 -0.361915
160.048 434.711 -10.2518
-0.0721538 0.978553 0.192945
160.048 439.711 36.1279
-0.0721538 0.978553 -0.192945
160.048 439.711 3.87207
0.907739 -0.338337 0.24807
165.048 159.711 40.7358
0.907739 -0.338337 -0.24807
165.048 159.711 -0.735788
0.893517 -0.292071 0.341059
165.048 164.711 48.5085
0.893517 -0.292071 -0.341059
165.048 164.711 -8.50855
0.879487 -0.260412 0.398357
165.048 169.711 53.298
0.879487 -0.260412 -0.398357
165.048 169.711 -13.298
0.863032 -0.247266 0.440494
165.048 174.711 56.8202
0.863032 -0.247266 -0.440494
165.048 174.711 -16.8202
0.845854 -0.238813 0.47697
165.048 179.711 59.8691
0.845854 -0.238813 -0.47697
165.048 179.711 -19.8691
-0.113404 0.877098 0.466733
165.048 429.711 59.0134
-0.113404 0.877098 -0.466733
165.048 429.711 -19.0134
-0.0826763 0.927896 0.363556
165.048 434.711 50.389
-0.0826763 0.927896 -0.363556
165.048 434.711 -10.389
-0.0510466 0.97795 0.202504
165.048 439.711 36.927
-0.0510466 0.97795 -0.202504
165.048 439.711 3.07302
0.946854 -0.217061 0.237384
170.048 174.711 39.8426
0.946854 -0.217061 -0.237384
170.048 174.711 0.157436
0.940186 -0.214726 0.264469
170.048 179.711 42.1065
0.940186 -0.214726 -0.264469
170.048 179.711 -2.10653
0.92618 -0.210625 0.312775
170.048 184.711 46.1444
0.92618 -0.210625 -0.312775
170.048 184.711 -6.14439
0.911579 -0.194944 0.361967
170.048 189.711 50.2563
0.911579 -0.194944 -0.361967
170.048 189.711 -10.2563
0.900086 -0.168151 0.401958
170.048 194.711 53.5991
0.900086 -0.168151 -0.401958
170.048 194.711 -13.5991
0.892453 -0.140024 0.42886
170.048 199.711 55.8477
0.892453 -0.140024 -0.42886
170.048 199.711 -15.8477
0.885366 -0.131076 0.446034
170.048 204.711 57.2833
0.885366 -0.131076 -0.446034
170.048 204.711 -17.2833
0.874978 -0.144787 0.462007
170.048 209.711 58.6184
0.874978 -0.144787 -0.462007
170.048 209.711 -18.6184
0.859729 -0.164985 0.48337
170.048 214.711 60.4041
0.859729 -0.164985 -0.48337
170.048 214.711 -20.4041
-0.0936285 0.880058 0.465545
170.048 429.711 58.9142
-0.0936285 0.880058 -0.465545
170.048 429.711 -18.9142
-0.0634949 0.929498 0.36332
170.048 434.711 50.3693
-0.0634949 0.929498 -0.36332
170.048 434.711 -10.3693
-0.0265086 0.978379 0.205116
170.048 439.711 37.1453
-0.0265086 0.978379 -0.205116
170.048 439.711 2.8547
0.961933 -0.0849465 0.25975
175.048 204.711 41.7121
0.961933 -0.0849465 -0.25975
175.048 204.711 -1.71205
0.957904 -0.112986 0.26392
175.048 209.711 42.0606
0.957904 -0.112986 -0.26392
175.048 209.711 -2.06063
0.95018 -0.147926 0.274366
175.048 214.711 42.9338
0.95018 -0.147926 -0.274366
175.048 214.711 -2.93379
0.941183 -0.151369 0.302097
175.048 219.711 45.2518
0.941183 -0.151369 -0.302097
175.048 219.711 -5.2518
0.92854 -0.156879 0.336455
175.048 224.711 48.1237
0.92854 -0.156879 -0.336455
175.048 224.711 -8.1237
0.909689 -0.177881 0.375265
175.048 229.711 51.3678
0.909689 -0.177881 -0.375265
175.048 229.711 -11.3678
0.88503 -0.202172 0.419342
175.048 234.711 55.0521
0.88503 -0.202172 -0.419342
175.048 234.711 -15.0521
0.85307 -0.234222 0.466274
175.048 239.711 58.9751
0.85307 -0.234222 -0.466274
175.048 239.711 -18.9751
-0.0775929 0.882649 0.463584
175.048 429.711 58.7503
-0.0775929 0.882649 -0.463584
175.048 429.711 -18.7503
-0.0492978 0.931161 0.361259
175.048 434.711 50.1971
-0.0492978 0.931161 -0.361259
175.048 434.711 -10.1971
-0.0165482 0.978994 0.203219
175.048 439.711 36.9867
-0.0165482 0.978994 -0.203219
175.048 439.711 3.01328
0.917269 -0.257411 0.303902
180.048 244.711 45.4027
0.917269 -0.257411 -0.303902
180.048 244.711 -5.4027
0.875627 -0.309441 0.370841
180.048 249.711 50.998
0.875627 -0.309441 -0.370841
180.048 249.711 -10.998
0.803367 -0.377834 0.460263
180.048 254.711 58.4727
0.803367 -0.377834 -0.460263
180.048 254.711 -18.4727
-0.0652893 0.884849 0.46128
180.048 429.711 58.5577
-0.0652893 0.884849 -0.46128
180.048 429.711 -18.5577
-0.0400845 0.93261 0.358652
180.048 434.711 49.9791
-0.0400845 0.93261 -0.358652
180.048 434.711 -9.9791
-0.0126538 0.979485 0.201118
180.048 439.711 36.8111
-0.0126538 0.979485 -0.201118
180.048 439.711 3.18887
0.782931 -0.514407 0.349864
185.048 259.711 49.2445
0.782931 -0.514407 -0.349864
185.048 259.711 -9.24452
-0.0559406 0.886648 0.459048
185.048 429.711 58.3711
-0.0559406 0.886648 -0.459048
185.048 429.711 -18.3711
-0.0338254 0.933775 0.356259
185.048 434.711 49.7791
-0.0338254 0.933775 -0.356259
185.048 434.711 -9.77913
-0.0105163 0.979859 0.199412
185.048 439.711 36.6685
-0.0105163 0.979859 -0.199412
185.048 439.711 3.3315
0.617835 -0.781238 0.0891421
190.048 264.711 27.4512
0.617835 -0.781238 -0.0891421
190.048 264.711 12.5488
-0.0487448 0.888084 0.457089
190.048 429.711 58.2073
-0.0487448 0.888084 -0.457089
190.048 429.711 -18.2073
-0.0292927 0.934689 0.354256
190.048 434.711 49.6117
-0.0292927 0.934689 -0.354256
190.048 434.711 -9.6117
-0.00907417 0.980146 0.198068
190.048 439.711 36.5562
-0.00907417 0.980146 -0.198068
190.048 439.711 3.44382
0.317729 -0.858245 0.403068
195.048 269.711 53.6918
0.317729 -0.858245 -0.403068
195.048 269.711 -13.6918
-0.0431457 0.889211 0.455459
195.048 429.711 58.071
-0.0431457 0.889211 -0.455459
195.048 429.711 -18.071
-0.0258885 0.935402 0.352637
195.048 434.711 49.4763
-0.0258885 0.935402 -0.352637
195.048 434.711 -9.47631
-0.00802029 0.980369 0.19701
195.048 439.711 36.4678
-0.00802029 0.980369 -0.19701
195.048 439.711 3.53223
0.0405267 -0.956661 0.288369
200.048 269.711 44.1043
0.0405267 -0.956661 -0.288369
200.048 269.711 -4.10429
-0.0388153 0.890076 0.454156
200.048 429.711 57.9621
-0.0388153 0.890076 -0.454156
200.048 429.711 -17.9621
-0.0233324 0.935952 0.351355
200.048 434.711 49.3692
-0.0233324 0.935952 -0.351355
200.048 434.711 -9.36916
-0.00724524 0.980541 0.196182
200.048 439.711 36.3985
-0.00724524 0.980541 -0.196182
200.048 439.711 3.60148
-0.0606529 -0.954685 0.291371
205.048 269.711 44.3552
-0.0606529 -0.954685 -0.291371
205.048 269.711 -4.35525
-0.0356009 0.890717 0.453162
205.048 429.711 57.8791
-0.0356009 0.890717 -0.453162
205.048 429.711 -17.8791
-0.0215223 0.936365 0.350369
205.048 434.711 49.2867
-0.0215223 0.936365 -0.350369
205.048 434.711 -9.28674
-0.00671585 0.980671 0.195547
205.048 439.711 36.3455
-0.00671585 0.980671 -0.195547
205.048 439.711 3.6545
-0.102524 -0.935508 0.338103
210.048 269.711 48.2614
-0.102524 -0.935508 -0.338103
210.048 269.711 -8.26144
-0.0335059 0.891151 0.452469
210.048 429.711 57.8211
-0.0335059 0.891151 -0.452469
210.048 429.711 -17.8211
-0.0205076 0.936656 0.349649
210.048 434.711 49.2266
-0.0205076 0.936656 -0.349649
210.048 434.711 -9.22657
-0.00645942 0.980765 0.195085
210.048 439.711 36.3069
-0.00645942 0.980765 -0.195085
210.048 439.711 3.69315
-0.0953572 -0.921721 0.375949
215.048 269.711 51.425
-0.0953572 -0.921721 -0.375949
215.048 269.711 -11.425
-0.0327096 0.891367 0.4521
215.048 429.711 57.7903
-0.0327096 0.891367 -0.4521
215.048 429.711 -17.7903
-0.0205689 0.936824 0.349196
215.048 434.711 49.1887
-0.0205689 0.936824 -0.349196
215.048 434.711 -9.18869
-0.00658722 0.980825 0.194782
215.048 439.711 36.2815
-0.00658722 0.980825 -0.194782
215.048 439.711 3.71853
-0.0667511 -0.915332 0.39713
220.048 269.711 53.1955
-0.0667511 -0.915332 -0.39713
220.048 269.711 -13.1955
-0.0335803 0.891309 0.452151
220.048 429.711 57.7946
-0.0335803 0.891309 -0.452151
220.048 429.711 -17.7946
-0.0224835 0.936826 0.349074
220.048 434.711 49.1785
-0.0224835 0.936826 -0.349074
220.048 434.711 -9.1785
-0.00774626 0.980844 0.19464
220.048 439.711 36.2696
-0.00774626 0.980844 -0.19464
220.048 439.711 3.73038
-0.0385579 -0.913894 0.404118
225.048 269.711 53.7796
-0.0385579 -0.913894 -0.404118
225.048 269.711 -13.7796
-0.0364935 0.890832 0.452865
225.048 429.711 57.8543
-0.0364935 0.890832 -0.452865
225.048 429.711 -17.8543
-0.0276763 0.93649 0.349599
225.048 434.711 49.2224
-0.0276763 0.93649 -0.349599
225.048 434.711 -9.22243
-0.0147904 0.980708 0.194919
225.048 439.711 36.293
-0.0147904 0.980708 -0.194919
225.048 439.711 3.70704
-0.0192066 -0.915223 0.40249
230.048 269.711 53.6435
-0.0192066 -0.915223 -0.40249
230.048 269.711 -13.6435
-0.0412557 0.889723 0.454632
230.048 429.711 58.0019
-0.0412557 0.889723 -0.454632
230.048 429.711 -18.0019
-0.0368115 0.935399 0.351674
230.048 434.711 49.3958
-0.0368115 0.935399 -0.351674
230.048 434.711 -9.39583
-0.0305489 0.979623 0.19851
230.048 439.711 36.5931
-0.0305489 0.979623 -0.19851
230.048 439.711 3.40686
-0.023638 -0.915354 0.401956
235.048 269.711 53.5988
-0.023638 -0.915354 -0.401956
235.048 269.711 -13.5988
-0.0465334 0.887883 0.457711
235.048 429.711 58.2593
-0.0465334 0.887883 -0.457711
235.048 429.711 -18.2593
-0.0475219 0.933224 0.356139
235.048 434.711 49.7691
-0.0475219 0.933224 -0.356139
235.048 434.711 -9.7691
-0.0574778 0.976246 0.208901
235.048 439.711 37.4617
-0.0574778 0.976246 -0.208901
235.048 439.711 2.53831
-0.0687457 -0.988406 0.135381
240.048 264.711 31.3163
-0.0687457 -0.988406 -0.135381
240.048 264.711 8.68374
-0.0437906 -0.911439 0.409099
240.048 269.711 54.1959
-0.0437906 -0.911439 -0.409099
240.048 269.711 -14.1959
-0.0505805 0.885499 0.46188
240.048 429.711 58.6078
-0.0505805 0.885499 -0.46188
240.048 429.711 -18.6078
-0.0531666 0.93056 0.362259
240.048 434.711 50.2806
-0.0531666 0.93056 -0.362259
240.048 434.711 -10.2806
-0.0611798 0.973259 0.221415
240.048 439.711 38.5077
-0.0611798 0.973259 -0.221415
240.048 439.711 1.49229
-0.120462 -0.981108 0.151379
245.048 264.711 32.6536
-0.120462 -0.981108 -0.151379
245.048 264.711 7.34644
-0.0542039 -0.904047 0.423981
245.048 269.711 55.4399
-0.0542039 -0.904047 -0.423981
245.048 269.711 -15.4399
-0.0536646 0.882773 0.466725
245.048 429.711 59.0128
-0.0536646 0.882773 -0.466725
245.048 429.711 -19.0128
-0.0544383 0.928021 0.368528
245.048 434.711 50.8046
-0.0544383 0.928021 -0.368528
245.048 434.711 -10.8046
-0.0482676 0.971752 0.231014
245.048 439.711 39.3101
-0.0482676 0.971752 -0.231014
245.048 439.711 0.689913
-0.0959774 -0.975769 0.196628
250.048 264.711 36.4358
-0.0959774 -0.975769 -0.196628
250.048 264.711 3.56419
-0.0377624 -0.897482 0.439431
250.048 269.711 56.7313
-0.0377624 -0.897482 -0.439431
250.048 269.711 -16.7313
-0.0578776 0.879526 0.472318
250.048 429.711 59.4803
-0.0578776 0.879526 -0.472318
250.048 429.711 -19.4803
-0.0599749 0.925057 0.375064
250.048 434.711 51.351
-0.0599749 0.925057 -0.375064
250.048 434.711 -11.351
-0.0522419 0.96966 0.238812
250.048 439.711 39.9619
-0.0522419 0.96966 -0.238812
250.048 439.711 0.0381298
-0.0212049 -0.974019 0.22547
255.048 264.711 38.8467
-0.0212049 -0.974019 -0.22547
255.048 264.711 1.15331
-0.0040245 -0.893886 0.448276
255.048 269.711 57.4706
-0.0040245 -0.893886 -0.448276
255.048 269.711 -17.4706
-0.0637127 0.875376 0.479225
255.048 429.711 60.0577
-0.0637127 0.875376 -0.479225
255.048 429.711 -20.0577
-0.0726942 0.920594 0.383695
255.048 434.711 52.0724
-0.0726942 0.920594 -0.383695
255.048 434.711 -12.0724
-0.0835719 0.964119 0.251972
255.048 439.711 41.062
-0.0835719 0.964119 -0.251972
255.048 439.711 -1.06195
0.0270437 -0.973078 0.228883
260.048 264.711 39.132
0.0270437 -0.973078 -0.228883
260.048 264.711 0.868013
0.0331069 -0.892943 0.448951
260.048 269.711 57.5271
0.0331069 -0.892943 -0.448951
260.048 269.711 -17.5271
-0.0687712 0.870274 0.487743
260.048 429.711 60.7696
-0.0687712 0.870274 -0.487743
260.048 429.711 -20.7696
-0.0851043 0.914602 0.395299
260.048 434.711 53.0424
-0.0851043 0.914602 -0.395299
260.048 434.711 -13.0424
-0.108973 0.956461 0.270754
260.048 439.711 42.6319
-0.108973 0.956461 -0.270754
260.048 439.711 -2.63189
0.0876865 -0.973723 0.210176
265.048 264.711 37.5683
0.0876865 -0.973723 -0.210176
265.048 264.711 2.43172
0.0708452 -0.894135 0.442157
265.048 269.711 56.9592
0.0708452 -0.894135 -0.442157
265.048 269.711 -16.9592
-0.0702193 0.864637 0.497465
265.048 429.711 61.5823
-0.0702193 0.864637 -0.497465
265.048 429.711 -21.5823
-0.0907719 0.907996 0.409028
265.048 434.711 54.19
-0.0907719 0.907996 -0.409028
265.048 434.711 -14.19
-0.119852 0.94863 0.292807
265.048 439.711 44.4752
-0.119852 0.94863 -0.292807
265.048 439.711 -4.47524
-0.160332 0.982314 0.0967142
265.048 444.711 28.0842
-0.160332 0.982314 -0.0967142
265.048 444.711 11.9158
0.115372 -0.976865 0.180069
270.048 264.711 35.0517
0.115372 -0.976865 -0.180069
270.048 264.711 4.94831
0.109467 -0.896454 0.429404
270.048 269.711 55.8932
0.109467 -0.896454 -0.429404
270.048 269.711 -15.8932
-0.0882068 0.901752 0.423158
270.048 434.711 55.3711
-0.0882068 0.901752 -0.423158
270.048 434.711 -15.3711
-0.117728 0.941895 0.314602
270.048 439.711 46.297
-0.117728 0.941895 -0.314602
270.048 439.711 -6.29704
-0.158042 0.978755 0.130618
270.048 444.711 30.9181
-0.158042 0.978755 -0.130618
270.048 444.711 9.08186
0.160365 -0.898561 0.408498
275.048 269.711 54.1457
0.160365 -0.898561 -0.408498
275.048 269.711 -14.1457
-0.0779779 0.896472 0.436185
275.048 434.711 56.46
-0.0779779 0.896472 -0.436185
275.048 434.711 -16.46
-0.104118 0.936725 0.334224
275.048 439.711 47.9372
-0.104118 0.936725 -0.334224
275.048 439.711 -7.9372
-0.141402 0.974627 0.173518
275.048 444.711 34.5041
-0.141402 0.974627 -0.173518
275.048 444.711 5.49588
0.234818 -0.898436 0.371043
280.048 269.711 51.0148
0.234818 -0.898436 -0.371043
280.048 269.711 -11.0148
-0.0619547 0.892422 0.446929
280.048 434.711 57.358
-0.0619547 0.892422 -0.446929
280.048 434.711 -17.358
-0.0807334 0.933376 0.349702
280.048 439.711 49.231
-0.0807334 0.933376 -0.349702
280.048 439.711 -9.23104
-0.0990839 0.97382 0.204592
280.048 444.711 37.1015
-0.0990839 0.97382 -0.204592
280.048 444.711 2.89849
0.315684 -0.897796 0.307094
285.048 269.711 45.6694
0.315684 -0.897796 -0.307094
285.048 269.711 -5.66945
0.199559 -0.848178 0.490683
285.048 274.711 61.0154
0.199559 -0.848178 -0.490683
285.048 274.711 -21.0154
-0.0433757 0.889563 0.454749
285.048 434.711 58.0117
-0.0433757 0.889563 -0.454749
285.048 434.711 -18.0117
-0.0546118 0.931397 0.359884
285.048 439.711 50.0821
-0.0546118 0.931397 -0.359884
285.048 439.711 -10.0821
-0.0632429 0.973064 0.221692
285.048 444.711 38.5308
-0.0632429 0.973064 -0.221692
285.048 444.711 1.46917
0.200214 -0.876516 0.437759
290.048 274.711 56.5916
0.200214 -0.876516 -0.437759
290.048 274.711 -16.5916
-0.025443 0.887645 0.459824
290.048 434.711 58.4359
-0.025443 0.887645 -0.459824
290.048 434.711 -18.4359
-0.0311027 0.93032 0.365428
290.048 439.711 50.5456
-0.0311027 0.93032 -0.365428
290.048 439.711 -10.5456
-0.0283724 0.972947 0.22928
290.048 444.711 39.1651
-0.0283724 0.972947 -0.22928
290.048 444.711 0.834879
0.121618 -0.915147 0.384336
295.048 274.711 52.126
0.121618 -0.915147 -0.384336
295.048 274.711 -12.126
-0.010243 0.886318 0.462964
295.048 434.711 58.6984
-0.010243 0.886318 -0.462964
295.048 434.711 -18.6984
-0.0138702 0.929732 0.367975
295.048 439.711 50.7584
-0.0138702 0.929732 -0.367975
295.048 439.711 -10.7584
-0.0109237 0.972919 0.230886
295.048 444.711 39.2994
-0.0109237 0.972919 -0.230886
295.048 444.711 0.700592
0.00782076 -0.93476 0.355193
300.048 274.711 49.69
0.00782076 -0.93476 -0.355193
300.048 274.711 -9.68999
0.0016713 0.885224 0.465162
300.048 434.711 58.8821
0.0016713 0.885224 -0.465162
300.048 434.711 -18.8821
-0.00281253 0.929261 0.369412
300.048 439.711 50.8786
-0.00281253 0.929261 -0.369412
300.048 439.711 -10.8786
-0.00287637 0.972852 0.23141
300.048 444.711 39.3432
-0.00287637 0.972852 -0.23141
300.048 444.711 0.656794
-0.12515 -0.920373 0.370473
305.048 274.711 50.9673
-0.12515 -0.920373 -0.370473
305.048 274.711 -10.9673
0.0108139 0.884063 0.467242
305.048 434.711 59.056
0.0108139 0.884063 -0.467242
305.048 434.711 -19.056
0.0040372 0.928676 0.370869
305.048 439.711 51.0003
0.0040372 0.928676 -0.370869
305.048 439.711 -11.0003
0.000579069 0.972696 0.232081
305.048 444.711 39.3993
0.000579069 0.972696 -0.232081
305.048 444.711 0.600693
-0.25269 -0.876297 0.410183
310.048 274.711 54.2866
-0.25269 -0.876297 -0.410183
310.048 274.711 -14.2866
0.0179153 0.882582 0.469818
310.048 434.711 59.2713
0.0179153 0.882582 -0.469818
310.048 434.711 -19.2713
0.00780929 0.927804 0.372986
310.048 439.711 51.1773
0.00780929 0.927804 -0.372986
310.048 439.711 -11.1773
0.00129774 0.972399 0.23332
310.048 444.711 39.5028
0.00129774 0.972399 -0.23332
310.048 444.711 0.49715
-0.412143 -0.862263 0.294349
315.048 269.711 44.6041
-0.412143 -0.862263 -0.294349
315.048 269.711 -4.60412
-0.329866 -0.80903 0.486476
315.048 274.711 60.6637
-0.329866 -0.80903 -0.486476
315.048 274.711 -20.6637
0.02376 0.880501 0.473449
315.048 434.711 59.5749
0.02376 0.880501 -0.473449
315.048 434.711 -19.5749
0.00859048 0.926373 0.37651
315.048 439.711 51.4719
0.00859048 0.926373 -0.37651
315.048 439.711 -11.4719
-0.00227272 0.971772 0.235909
315.048 444.711 39.7193
-0.00227272 0.971772 -0.235909
315.048 444.711 0.280714
-0.482828 -0.783237 0.391685
320.048 269.711 52.7403
-0.482828 -0.783237 -0.391685
320.048 269.711 -12.7403
0.0297703 0.877509 0.478636
320.048 434.711 60.0084
0.0297703 0.877509 -0.478636
320.048 434.711 -20.0084
0.00699714 0.923914 0.382537
320.048 439.711 51.9756
0.00699714 0.923914 -0.382537
320.048 439.711 -11.9756
-0.0172212 0.969928 0.242783
320.048 444.711 40.2939
-0.0172212 0.969928 -0.242783
320.048 444.711 -0.293861
-0.677668 -0.640981 0.360429
325.048 264.711 50.1277
-0.677668 -0.640981 -0.360429
325.048 264.711 -10.1277
0.0385784 0.873385 0.4855
325.048 434.711 60.5821
0.0385784 0.873385 -0.4855
325.048 434.711 -20.5821
0.00736041 0.920043 0.391748
325.048 439.711 52.7456
0.00736041 0.920043 -0.391748
325.048 439.711 -12.7456
-0.0303755 0.966194 0.256022
325.048 444.711 41.4004
-0.0303755 0.966194 -0.256022
325.048 444.711 -1.40044
-0.884895 -0.391468 0.252417
330.048 254.711 41.0991
-0.884895 -0.391468 -0.252417
330.048 254.711 -1.0991
-0.764438 -0.499529 0.407561
330.048 259.711 54.0674
-0.764438 -0.499529 -0.407561
330.048 259.711 -14.0674
0.0534639 0.868156 0.493403
330.048 434.711 61.2427
0.0534639 0.868156 -0.493403
330.048 434.711 -21.2427
0.0152159 0.914841 0.403526
330.048 439.711 53.7301
0.0152159 0.914841 -0.403526
330.048 439.711 -13.7301
-0.0344217 0.960968 0.274509
330.048 444.711 42.9457
-0.0344217 0.960968 -0.274509
330.048 444.711 -2.94573
-0.947401 -0.272775 0.167409
335.048 239.711 33.9934
-0.947401 -0.272775 -0.167409
335.048 239.711 6.00655
-0.889127 -0.32088 0.326328
335.048 244.711 47.2772
-0.889127 -0.32088 -0.326328
335.048 244.711 -7.27721
-0.828135 -0.355694 0.433213
335.048 249.711 56.2116
-0.828135 -0.355694 -0.433213
335.048 249.711 -16.2116
0.0355291 0.908782 0.415756
335.048 439.711 54.7523
0.0355291 0.908782 -0.415756
335.048 439.711 -14.7523
-0.0210813 0.95555 0.294075
335.048 444.711 44.5813
-0.0210813 0.95555 -0.294075
335.048 444.711 -4.58126
-0.996144 -0.0813616 0.0328138
340.048 204.711 22.7429
-0.996144 -0.0813616 -0.0328138
340.048 204.711 17.2571
-0.990924 -0.0907098 0.0992043
340.048 209.711 28.2923
-0.990924 -0.0907098 -0.0992043
340.048 209.711 11.7077
-0.977972 -0.123611 0.168198
340.048 214.711 34.0594
-0.977972 -0.123611 -0.168198
340.048 214.711 5.94063
-0.956327 -0.159432 0.244991
340.048 219.711 40.4784
-0.956327 -0.159432 -0.244991
340.048 219.711 -0.478369
-0.926627 -0.197735 0.319788
340.048 224.711 46.7305
-0.926627 -0.197735 -0.319788
340.048 224.711 -6.73052
-0.896868 -0.221123 0.383056
340.048 229.711 52.019
-0.896868 -0.221123 -0.383056
340.048 229.711 -12.019
-0.862205 -0.253822 0.438381
340.048 234.711 56.6435
-0.862205 -0.253822 -0.438381
340.048 234.711 -16.6435
-0.821509 -0.287313 0.492517
340.048 239.711 61.1687
-0.821509 -0.287313 -0.492517
340.048 239.711 -21.1687
0.071922 0.902248 0.425177
340.048 439.711 55.5399
0.071922 0.902248 -0.425177
340.048 439.711 -15.5399
0.0151806 0.950114 0.311534
340.048 444.711 46.0406
0.0151806 0.950114 -0.311534
340.048 444.711 -6.04063
-0.952202 -0.238387 0.191007
345.048 179.711 35.966
-0.952202 -0.238387 -0.191007
345.048 179.711 4.03403
-0.927004 -0.236037 0.291462
345.048 184.711 44.3628
-0.927004 -0.236037 -0.291462
345.048 184.711 -4.36283
-0.909738 -0.210579 0.357819
345.048 189.711 49.9095
-0.909738 -0.210579 -0.357819
345.048 189.711 -9.90947
-0.897964 -0.182039 0.400652
345.048 194.711 53.4898
-0.897964 -0.182039 -0.400652
345.048 194.711 -13.4898
-0.889967 -0.156272 0.428413
345.048 199.711 55.8104
-0.889967 -0.156272 -0.428413
345.048 199.711 -15.8104
-0.881475 -0.148241 0.448359
345.048 204.711 57.4776
-0.881475 -0.148241 -0.448359
345.048 204.711 -17.4776
-0.870802 -0.154237 0.466814
345.048 209.711 59.0202
-0.870802 -0.154237 -0.466814
345.048 209.711 -19.0202
-0.856767 -0.170825 0.48659
345.048 214.711 60.6732
-0.856767 -0.170825 -0.48659
345.048 214.711 -20.6732
0.124757 0.895527 0.427162
345.048 439.711 55.7058
0.124757 0.895527 -0.427162
345.048 439.711 -15.7058
0.0827293 0.944541 0.317803
345.048 444.711 46.5647
0.0827293 0.944541 -0.317803
345.048 444.711 -6.56466
0.0502477 0.995715 0.0776329
345.048 449.711 26.4892
0.0502477 0.995715 -0.0776329
345.048 449.711 13.5108
-0.855721 -0.456288 0.244014
350.048 164.711 40.3968
-0.855721 -0.456288 -0.244014
350.048 164.711 -0.396772
-0.855672 -0.380752 0.350505
350.048 169.711 49.2981
-0.855672 -0.380752 -0.350505
350.048 169.711 -9.29815
-0.847345 -0.325078 0.419917
350.048 174.711 55.1002
-0.847345 -0.325078 -0.419917
350.048 174.711 -15.1002
-0.834418 -0.290834 0.468148
350.048 179.711 59.1317
-0.834418 -0.290834 -0.468148
350.048 179.711 -19.1317
0.209621 0.842721 0.495864
350.048 434.711 61.4484
0.209621 0.842721 -0.495864
350.048 434.711 -21.4484
0.188371 0.888958 0.417457
350.048 439.711 54.8946
0.188371 0.888958 -0.417457
350.048 439.711 -14.8946
0.163633 0.938054 0.305415
350.048 444.711 45.5292
0.163633 0.938054 -0.305415
350.048 444.711 -5.52915
-0.775975 -0.547412 0.313373
355.048 159.711 46.1943
-0.775975 -0.547412 -0.313373
355.048 159.711 -6.19434
-0.763872 -0.476905 0.434812
355.048 164.711 56.3453
-0.763872 -0.476905 -0.434812
355.048 164.711 -16.3453
0.264848 0.837392 0.478153
355.048 434.711 59.968
0.264848 0.837392 -0.478153
355.048 434.711 -19.968
0.253816 0.883508 0.39369
355.048 439.711 52.9079
0.253816 0.883508 -0.39369
355.048 439.711 -12.9079
0.254727 0.929751 0.265852
355.048 444.711 42.2221
0.254727 0.929751 -0.265852
355.048 444.711 -2.22209
-0.690972 -0.62875 0.356694
360.048 154.711 49.8155
-0.690972 -0.62875 -0.356694
360.048 154.711 -9.81545
-0.680955 -0.554887 0.477912
360.048 159.711 59.9479
-0.680955 -0.554887 -0.477912
360.048 159.711 -19.9479
0.319223 0.83297 0.451949
360.048 434.711 57.7777
0.319223 0.83297 -0.451949
360.048 434.711 -17.7777
0.31105 0.880614 0.357444
360.048 439.711 49.8782
0.31105 0.880614 -0.357444
360.048 439.711 -9.87819
0.310614 0.931742 0.188086
360.048 444.711 35.7218
0.310614 0.931742 -0.188086
360.048 444.711 4.27819
-0.605482 -0.722345 0.33408
365.048 149.711 47.9252
-0.605482 -0.722345 -0.33408
365.048 149.711 -7.92516
-0.605487 -0.630974 0.485034
365.048 154.711 60.5432
-0.605487 -0.630974 -0.485034
365.048 154.711 -20.5432
0.381462 0.7823 0.492436
365.048 429.711 61.162
0.381462 0.7823 -0.492436
365.048 429.711 -21.162
0.373341 0.828394 0.417588
365.048 434.711 54.9055
0.373341 0.828394 -0.417588
365.048 434.711 -14.9055
0.361773 0.878793 0.311195
365.048 439.711 46.0123
0.361773 0.878793 -0.311195
365.048 439.711 -6.01231
0.347504 0.936633 0.0442777
365.048 444.711 23.7011
0.347504 0.936633 -0.0442777
365.048 444.711 16.2989
-0.599757 -0.749546 0.280129
370.048 144.711 43.4155
-0.599757 -0.749546 -0.280129
370.048 144.711 -3.41551
-0.564138 -0.680787 0.467202
370.048 149.711 59.0527
-0.564138 -0.680787 -0.467202
370.048 149.711 -19.0527
0.436205 0.776407 0.454882
370.048 429.711 58.0228
0.436205 0.776407 -0.454882
370.048 429.711 -18.0228
0.431506 0.821882 0.371905
370.048 434.711 51.0869
0.431506 0.821882 -0.371905
370.048 434.711 -11.0869
0.418759 0.872906 0.250352
370.048 439.711 40.9265
0.418759 0.872906 -0.250352
370.048 439.711 -0.926546
-0.646361 -0.705294 0.291168
375.048 139.711 44.3382
-0.646361 -0.705294 -0.291168
375.048 139.711 -4.33824
-0.571172 -0.68499 0.452274
375.048 144.711 57.8048
-0.571172 -0.68499 -0.452274
375.048 144.711 -17.8048
0.493287 0.727823 0.476384
375.048 424.711 59.8202
0.493287 0.727823 -0.476384
375.048 424.711 -19.8202
0.492688 0.769953 0.405501
375.048 429.711 53.8952
0.492688 0.769953 -0.405501
375.048 429.711 -13.8952
0.492676 0.814479 0.306421
375.048 434.711 45.6132
0.492676 0.814479 -0.306421
375.048 434.711 -5.61325
0.491143 0.858038 0.150165
375.048 439.711 32.5521
0.491143 0.858038 -0.150165
375.048 439.711 7.44794
-0.704106 -0.663819 0.252149
380.048 134.711 41.0768
-0.704106 -0.663819 -0.252149
380.048 134.711 -1.07676
-0.583927 -0.66494 0.465709
380.048 139.711 58.9278
-0.583927 -0.66494 -0.465709
380.048 139.711 -18.9278
0.54573 0.68257 0.486084
380.048 419.711 60.6309
0.54573 0.68257 -0.486084
380.048 419.711 -20.6309
0.548549 0.721034 0.423324
380.048 424.711 55.385
0.548549 0.721034 -0.423324
380.048 424.711 -15.385
0.549724 0.763155 0.339703
380.048 429.711 48.3952
0.549724 0.763155 -0.339703
380.048 429.711 -8.39522
0.553002 0.805638 0.212452
380.048 434.711 37.7585
0.553002 0.805638 -0.212452
380.048 434.711 2.24152
-0.667037 -0.656507 0.352222
385.048 129.711 49.4417
-0.667037 -0.656507 -0.352222
385.048 129.711 -9.44166
0.593185 0.641513 0.486408
385.048 414.711 60.658
0.593185 0.641513 -0.486408
385.048 414.711 -20.658
0.59972 0.676077 0.428084
385.048 419.711 55.7828
0.59972 0.676077 -0.428084
385.048 419.711 -15.7828
0.606463 0.712271 0.353374
385.048 424.711 49.5379
0.606463 0.712271 -0.353374
385.048 424.711 -9.53793
0.607199 0.756474 0.243015
385.048 429.711 40.3133
0.607199 0.756474 -0.243015
385.048 429.711 -0.313255
-0.60898 -0.693125 0.385643
390.048 124.711 52.2353
-0.60898 -0.693125 -0.385643
390.048 124.711 -12.2353
0.636613 0.604326 0.479076
390.048 409.711 60.0452
0.636613 0.604326 -0.479076
390.048 409.711 -20.0452
0.64521 0.635645 0.423862
390.048 414.711 55.4299
0.64521 0.635645 -0.423862
390.048 414.711 -15.4299
0.653324 0.669849 0.352804
390.048 419.711 49.4903
0.653324 0.669849 -0.352804
390.048 419.711 -9.49027
0.664905 0.702257 0.254432
390.048 424.711 41.2676
0.664905 0.702257 -0.254432
390.048 424.711 -1.26757
-0.498287 -0.771593 0.395416
395.048 119.711 53.0522
-0.498287 -0.771593 -0.395416
395.048 119.711 -13.0522
0.675786 0.572549 0.46422
395.048 404.711 58.8034
0.675786 0.572549 -0.46422
395.048 404.711 -18.8034
0.68795 0.598513 0.410496
395.048 409.711 54.3127
0.68795 0.598513 -0.410496
395.048 409.711 -14.3127
0.699004 0.627094 0.343725
395.048 414.711 48.7314
0.699004 0.627094 -0.343725
395.048 414.711 -8.73141
0.704032 0.666602 0.24491
395.048 419.711 40.4716
0.704032 0.666602 -0.24491
395.048 419.711 -0.471594
-0.201354 -0.934694 0.292923
400.048 114.711 44.485
-0.201354 -0.934694 -0.292923
400.048 114.711 -4.48498
0.697724 0.522538 0.490036
400.048 394.711 60.9613
0.697724 0.522538 -0.490036
400.048 394.711 -20.9613
0.7105 0.546289 0.443574
400.048 399.711 57.0777
0.7105 0.546289 -0.443574
400.048 399.711 -17.0777
0.723828 0.570393 0.388233
400.048 404.711 52.4518
0.723828 0.570393 -0.388233
400.048 404.711 -12.4518
0.739777 0.591978 0.319831
400.048 409.711 46.7341
0.739777 0.591978 -0.319831
400.048 409.711 -6.73413
0.756203 0.611663 0.232435
400.048 414.711 39.4289
0.756203 0.611663 -0.232435
400.048 414.711 0.571121
0.238605 -0.921281 0.307098
405.048 114.711 45.6698
0.238605 -0.921281 -0.307098
405.048 114.711 -5.66983
0.729267 0.501905 0.465039
405.048 389.711 58.8718
0.729267 0.501905 -0.465039
405.048 389.711 -18.8718
0.743538 0.522414 0.417415
405.048 394.711 54.891
0.743538 0.522414 -0.417415
405.048 394.711 -14.891
0.756795 0.545084 0.360757
405.048 399.711 50.1551
0.756795 0.545084 -0.360757
405.048 399.711 -10.1551
0.768529 0.571612 0.287444
405.048 404.711 44.027
0.768529 0.571612 -0.287444
405.048 404.711 -4.02697
0.789583 0.592013 0.161491
405.048 409.711 33.4988
0.789583 0.592013 -0.161491
405.048 409.711 6.50124
0.462116 -0.739457 0.489543
410.048 119.711 60.9201
0.462116 -0.739457 -0.489543
410.048 119.711 -20.9201
0.742049 0.469025 0.478935
410.048 379.711 60.0334
0.742049 0.469025 -0.478935
410.048 379.711 -20.0334
0.758099 0.48612 0.434711
410.048 384.711 56.3368
0.758099 0.48612 -0.434711
410.048 384.711 -16.3368
0.773815 0.503551 0.384248
410.048 389.711 52.1187
0.773815 0.503551 -0.384248
410.048 389.711 -12.1187
0.789931 0.520777 0.323728
410.048 394.711 47.0599
0.789931 0.520777 -0.323728
410.048 394.711 -7.0599
0.806018 0.53888 0.244832
410.048 399.711 40.4651
0.806018 0.53888 -0.244832
410.048 399.711 -0.465124
0.801525 0.578093 0.152859
410.048 404.711 32.7773
0.801525 0.578093 -0.152859
410.048 404.711 7.22274
0.713272 -0.560482 0.420836
415.048 124.711 55.177
0.713272 -0.560482 -0.420836
415.048 124.711 -15.177
0.750053 0.443435 0.490699
415.048 369.711 61.0167
0.750053 0.443435 -0.490699
415.048 369.711 -21.0167
0.766359 0.461108 0.447296
415.048 374.711 57.3888
0.766359 0.461108 -0.447296
415.048 374.711 -17.3888
0.783739 0.476155 0.398786
415.048 379.711 53.3338
0.783739 0.476155 -0.398786
415.048 379.711 -13.3338
0.801529 0.48929 0.343724
415.048 384.711 48.7313
0.801529 0.48929 -0.343724
415.048 384.711 -8.73133
0.817276 0.505228 0.277137
415.048 389.711 43.1654
0.817276 0.505228 -0.277137
415.048 389.711 -3.16544
0.831397 0.519786 0.196475
415.048 394.711 36.423
0.831397 0.519786 -0.196475
415.048 394.711 3.57695
0.854212 -0.43441 0.285675
420.048 129.711 43.8791
0.854212 -0.43441 -0.285675
420.048 129.711 -3.87914
0.809351 -0.448942 0.378684
420.048 134.711 51.6536
0.809351 -0.448942 -0.378684
420.048 134.711 -11.6536
0.736588 -0.484548 0.47186
420.048 139.711 59.442
0.736588 -0.484548 -0.47186
420.048 139.711 -19.442
0.773915 0.436417 0.458908
420.048 364.711 58.3594
0.773915 0.436417 -0.458908
420.048 364.711 -18.3594
0.789663 0.454015 0.412679
420.048 369.711 54.4951
0.789663 0.454015 -0.412679
420.048 369.711 -14.4951
0.804599 0.47329 0.358631
420.048 374.711 49.9774
0.804599 0.47329 -0.358631
420.048 374.711 -9.97736
0.822735 0.486689 0.293667
420.048 379.711 44.5472
0.822735 0.486689 -0.293667
420.048 379.711 -4.54719
0.849016 0.485527 0.20841
420.048 384.711 37.4206
0.849016 0.485527 -0.20841
420.048 384.711 2.57936
0.862566 0.504627 0.0364996
420.048 389.711 23.0509
0.862566 0.504627 -0.0364996
420.048 389.711 16.9491
0.83572 -0.4845 0.258519
425.048 139.711 41.6092
0.83572 -0.4845 -0.258519
425.048 139.711 -1.60919
0.7889 -0.503467 0.35236
425.048 144.711 49.4532
0.7889 -0.503467 -0.35236
425.048 144.711 -9.45315
0.726377 -0.518515 0.451131
425.048 149.711 57.7093
0.726377 -0.518515 -0.451131
425.048 149.711 -17.7093
0.774847 0.42502 0.467943
425.048 354.711 59.1146
0.774847 0.42502 -0.467943
425.048 354.711 -19.1146
0.796035 0.434444 0.42141
425.048 359.711 55.225
0.796035 0.434444 -0.42141
425.048 359.711 -15.225
0.815357 0.444077 0.371468
425.048 364.711 51.0504
0.815357 0.444077 -0.371468
425.048 364.711 -11.0504
0.83021 0.460895 0.313571
425.048 369.711 46.2109
0.83021 0.460895 -0.313571
425.048 369.711 -6.21092
0.838957 0.491432 0.233764
425.048 374.711 39.54
0.838957 0.491432 -0.233764
425.048 374.711 0.460035
0.851762 0.513169 0.105635
425.048 379.711 28.8298
0.851762 0.513169 -0.105635
425.048 379.711 11.1702
0.81664 -0.536191 0.213536
430.048 149.711 37.8491
0.81664 -0.536191 -0.213536
430.048 149.711 2.15087
0.737869 -0.560567 0.375918
430.048 154.711 51.4224
0.737869 -0.560567 -0.375918
430.048 154.711 -11.4224
0.683558 -0.554638 0.474474
430.048 159.711 59.6605
0.683558 -0.554638 -0.474474
430.048 159.711 -19.6605
0.76761 0.418815 0.485148
430.048 344.711 60.5527
0.76761 0.418815 -0.485148
430.048 344.711 -20.5527
0.786176 0.438827 0.435153
430.048 349.711 56.3737
0.786176 0.438827 -0.435153
430.048 349.711 -16.3737
0.809296 0.448264 0.379604
430.048 354.711 51.7305
0.809296 0.448264 -0.379604
430.048 354.711 -11.7305
0.836134 0.446426 0.318722
430.048 359.711 46.6414
0.836134 0.446426 -0.318722
430.048 359.711 -6.64143
0.860215 0.443595 0.251501
430.048 364.711 41.0226
0.860215 0.443595 -0.251501
430.048 364.711 -1.02258
0.870749 0.456871 0.181841
430.048 369.711 35.1998
0.870749 0.456871 -0.181841
430.048 369.711 4.80021
0.773871 -0.621411 0.12236
435.048 154.711 30.2279
0.773871 -0.621411 -0.12236
435.048 154.711 9.77214
0.726242 -0.607946 0.320895
435.048 159.711 46.8231
0.726242 -0.607946 -0.320895
435.048 159.711 -6.82309
0.700502 -0.56376 0.437574
435.048 164.711 56.5761
0.700502 -0.56376 -0.437574
435.048 164.711 -16.5761
0.781828 0.421994 0.458983
435.048 339.711 58.3657
0.781828 0.421994 -0.458983
435.048 339.711 -18.3657
0.794897 0.45248 0.40423
435.048 344.711 53.7889
0.794897 0.45248 -0.40423
435.048 344.711 -13.7889
0.811292 0.475911 0.33958
435.048 349.711 48.3849
0.811292 0.475911 -0.33958
435.048 349.711 -8.38495
0.835489 0.482472 0.263019
435.048 354.711 41.9854
0.835489 0.482472 -0.263019
435.048 354.711 -1.98536
0.868574 0.464041 0.173913
435.048 359.711 34.5371
0.868574 0.464041 -0.173913
435.048 359.711 5.46288
0.746805 -0.596423 0.294215
440.048 164.711 44.5929
0.746805 -0.596423 -0.294215
440.048 164.711 -4.59291
0.737396 -0.542436 0.402505
440.048 169.711 53.6447
0.737396 -0.542436 -0.402505
440.048 169.711 -13.6447
0.723266 -0.497469 0.478968
440.048 174.711 60.0361
0.723266 -0.497469 -0.478968
440.048 174.711 -20.0361
0.795911 0.371212 0.478254
440.048 329.711 59.9765
0.795911 0.371212 -0.478254
440.048 329.711 -19.9765
0.801131 0.415305 0.430941
440.048 334.711 56.0217
0.801131 0.415305 -0.430941
440.048 334.711 -16.0217
0.808188 0.456048 0.372629
440.048 339.711 51.1474
0.808188 0.456048 -0.372629
440.048 339.711 -11.1474
0.817772 0.491259 0.299855
440.048 344.711 45.0644
0.817772 0.491259 -0.299855
440.048 344.711 -5.06441
0.828852 0.52478 0.193933
440.048 349.711 36.2106
0.828852 0.52478 -0.193933
440.048 349.711 3.78942
0.795079 -0.560305 0.23218
445.048 169.711 39.4075
0.795079 -0.560305 -0.23218
445.048 169.711 0.592472
0.782819 -0.510496 0.355791
445.048 174.711 49.74
0.782819 -0.510496 -0.355791
445.048 174.711 -9.73998
0.771413 -0.465796 0.433539
445.048 179.711 56.2388
0.771413 -0.465796 -0.433539
445.048 179.711 -16.2388
0.762101 -0.421477 0.491487
445.048 184.711 61.0826
0.762101 -0.421477 -0.491487
445.048 184.711 -21.0826
0.829357 0.291769 0.476484
445.048 319.711 59.8285
0.829357 0.291769 -0.476484
445.048 319.711 -19.8285
0.829481 0.340911 0.442427
445.048 324.711 56.9818
0.829481 0.340911 -0.442427
445.048 324.711 -16.9818
0.828817 0.394562 0.396717
445.048 329.711 53.1609
0.828817 0.394562 -0.396717
445.048 329.711 -13.1609
0.8293 0.446747 0.335675
445.048 334.711 48.0586
0.8293 0.446747 -0.335675
445.048 334.711 -8.05856
0.830975 0.496605 0.250727
445.048 339.711 40.9578
0.830975 0.496605 -0.250727
445.048 339.711 -0.95784
0.836874 0.530955 0.133147
445.048 344.711 31.1296
0.836874 0.530955 -0.133147
445.048 344.711 8.87042
0.841076 -0.522149 0.14125
450.048 174.711 31.8069
0.841076 -0.522149 -0.14125
450.048 174.711 8.19313
0.830887 -0.478781 0.283541
450.048 179.711 43.7007
0.830887 -0.478781 -0.283541
450.048 179.711 -3.70072
0.821595 -0.42967 0.374654
450.048 184.711 51.3167
0.821595 -0.42967 -0.374654
450.048 184.711 -11.3167
0.818709 -0.37568 0.434258
450.048 189.711 56.299
0.818709 -0.37568 -0.434258
450.048 189.711 -16.299
0.817819 -0.326469 0.473909
450.048 194.711 59.6133
0.817819 -0.326469 -0.473909
450.048 194.711 -19.6133
0.857267 0.139803 0.495529
450.048 294.711 61.4204
0.857267 0.139803 -0.495529
450.048 294.711 -21.4204
0.862581 0.163905 0.478633
450.048 299.711 60.0081
0.862581 0.163905 -0.478633
450.048 299.711 -20.0081
0.867781 0.187592 0.460179
450.048 304.711 58.4656
0.867781 0.187592 -0.460179
450.048 304.711 -18.4656
0.87195 0.214209 0.440248
450.048 309.711 56.7996
0.87195 0.214209 -0.440248
450.048 309.711 -16.7996
0.874274 0.247966 0.417323
450.048 314.711 54.8833
0.874274 0.247966 -0.417323
450.048 314.711 -14.8833
0.873953 0.292303 0.388285
450.048 319.711 52.4561
0.873953 0.292303 -0.388285
450.048 319.711 -12.4561
0.869604 0.350534 0.347728
450.048 324.711 49.066
0.869604 0.350534 -0.347728
450.048 324.711 -9.06602
0.861176 0.41994 0.286402
450.048 329.711 43.9399
0.861176 0.41994 -0.286402
450.048 329.711 -3.93988
0.854028 0.477702 0.206001
450.048 334.711 37.2193
0.854028 0.477702 -0.206001
450.048 334.711 2.7807
0.870411 -0.440706 0.21946
455.048 184.711 38.3443
0.870411 -0.440706 -0.21946
455.048 184.711 1.6557
0.881304 -0.369535 0.294528
455.048 189.711 44.6191
0.881304 -0.369535 -0.294528
455.048 189.711 -4.6191
0.886269 -0.306675 0.3471
455.048 194.711 49.0136
0.886269 -0.306675 -0.3471
455.048 194.711 -9.01356
0.883793 -0.268748 0.382995
455.048 199.711 52.0139
0.883793 -0.268748 -0.382995
455.048 199.711 -12.0139
0.878549 -0.244259 0.410475
455.048 204.711 54.3109
0.878549 -0.244259 -0.410475
455.048 204.711 -14.3109
0.871445 -0.227079 0.434762
455.048 209.711 56.3411
0.871445 -0.227079 -0.434762
455.048 209.711 -16.3411
0.864356 -0.208455 0.45764
455.048 214.711 58.2534
0.864356 -0.208455 -0.45764
455.048 214.711 -18.2534
0.858901 -0.183889 0.477989
455.048 219.711 59.9543
0.858901 -0.183889 -0.477989
455.048 219.711 -19.9543
0.855753 -0.153696 0.494029
455.048 224.711 61.2951
0.855753 -0.153696 -0.494029
455.048 224.711 -21.2951
0.870066 0.0253561 0.492283
455.048 254.711 61.1491
0.870066 0.0253561 -0.492283
455.048 254.711 -21.1491
0.876389 0.043244 0.479659
455.048 259.711 60.0939
0.876389 0.043244 -0.479659
455.048 259.711 -20.0939
0.883098 0.05291 0.466197
455.048 264.711 58.9686
0.883098 0.05291 -0.466197
455.048 264.711 -18.9686
0.88922 0.0564598 0.453983
455.048 269.711 57.9477
0.88922 0.0564598 -0.453983
455.048 269.711 -17.9477
0.893847 0.0596502 0.444387
455.048 274.711 57.1456
0.893847 0.0596502 -0.444387
455.048 274.711 -17.1456
0.896865 0.0688651 0.43691
455.048 279.711 56.5206
0.896865 0.0688651 -0.43691
455.048 279.711 -16.5206
0.898963 0.088598 0.42897
455.048 284.711 55.8569
0.898963 0.088598 -0.42897
455.048 284.711 -15.8569
0.901316 0.117385 0.416954
455.048 289.711 54.8525
0.901316 0.117385 -0.416954
455.048 289.711 -14.8525
0.905185 0.146452 0.398989
455.048 294.711 53.3508
0.905185 0.146452 -0.398989
455.048 294.711 -13.3508
0.910769 0.16909 0.376709
455.048 299.711 51.4885
0.910769 0.16909 -0.376709
455.048 299.711 -11.4885
0.916875 0.186483 0.352935
455.048 304.711 49.5013
0.916875 0.186483 -0.352935
455.048 304.711 -9.50129
0.921891 0.206152 0.328053
455.048 309.711 47.4214
0.921891 0.206152 -0.328053
455.048 309.711 -7.42139
0.924781 0.235389 0.298951
455.048 314.711 44.9888
0.924781 0.235389 -0.298951
455.048 314.711 -4.98882
0.924433 0.280233 0.258636
455.048 319.711 41.6189
0.924433 0.280233 -0.258636
455.048 319.711 -1.61895
0.921831 0.335087 0.194794
455.048 324.711 36.2825
0.921831 0.335087 -0.194794
455.048 324.711 3.7175
0.949387 -0.270964 0.158882
460.048 194.711 33.2807
0.949387 -0.270964 -0.158882
460.048 194.711 6.71929
0.951393 -0.234002 0.200236
460.048 199.711 36.7374
0.951393 -0.234002 -0.200236
460.048 199.711 3.26259
0.943514 -0.224447 0.243731
460.048 204.711 40.3731
0.943514 -0.224447 -0.243731
460.048 204.711 -0.373102
0.932491 -0.222905 0.284208
460.048 209.711 43.7565
0.932491 -0.222905 -0.284208
460.048 209.711 -3.75649
0.922366 -0.212905 0.322355
460.048 214.711 46.9451
0.922366 -0.212905 -0.322355
460.048 214.711 -6.9451
0.915504 -0.188356 0.355491
460.048 219.711 49.7149
0.915504 -0.188356 -0.355491
460.048 219.711 -9.71493
0.912195 -0.152078 0.380489
460.048 224.711 51.8044
0.912195 -0.152078 -0.380489
460.048 224.711 -11.8044
0.91107 -0.112868 0.3965
460.048 229.711 53.1428
0.91107 -0.112868 -0.3965
460.048 229.711 -13.1428
0.911506 -0.0743709 0.404507
460.048 234.711 53.812
0.911506 -0.0743709 -0.404507
460.048 234.711 -13.812
0.912927 -0.0402056 0.406137
460.048 239.711 53.9483
0.912927 -0.0402056 -0.406137
460.048 239.711 -13.9483
0.914993 -0.00875568 0.403374
460.048 244.711 53.7174
0.914993 -0.00875568 -0.403374
460.048 244.711 -13.7174
0.917903 0.0230048 0.396138
460.048 249.711 53.1125
0.917903 0.0230048 -0.396138
460.048 249.711 -13.1125
0.922149 0.0534822 0.383119
460.048 254.711 52.0243
0.922149 0.0534822 -0.383119
460.048 254.711 -12.0243
0.928128 0.072808 0.365071
460.048 259.711 50.5157
0.928128 0.072808 -0.365071
460.048 259.711 -10.5157
0.935285 0.0761619 0.345602
460.048 264.711 48.8883
0.935285 0.0761619 -0.345602
460.048 264.711 -8.88834
0.942293 0.0654984 0.328319
460.048 269.711 47.4437
0.942293 0.0654984 -0.328319
460.048 269.711 -7.44368
0.946867 0.0544671 0.316981
460.048 274.711 46.4959
0.946867 0.0544671 -0.316981
460.048 274.711 -6.49595
0.948889 0.0536741 0.311013
460.048 279.711 45.9971
0.948889 0.0536741 -0.311013
460.048 279.711 -5.9971
0.949321 0.0746086 0.305324
460.048 284.711 45.5215
0.949321 0.0746086 -0.305324
460.048 284.711 -5.52154
0.949122 0.120465 0.290955
460.048 289.711 44.3205
0.949122 0.120465 -0.290955
460.048 289.711 -4.32047
0.951687 0.161039 0.261456
460.048 294.711 41.8546
0.951687 0.161039 -0.261456
460.048 294.711 -1.85464
0.958955 0.18168 0.217708
460.048 299.711 38.1978
0.958955 0.18168 -0.217708
460.048 299.711 1.80217
0.969895 0.181603 0.162249
460.048 304.711 33.5621
0.969895 0.181603 -0.162249
460.048 304.711 6.43786
0.978178 0.187913 0.0886375
460.048 309.711 27.4091
0.978178 0.187913 -0.0886375
460.048 309.711 12.5909
0.969383 -0.202597 0.138744
465.048 219.711 31.5974
0.969383 -0.202597 -0.138744
465.048 219.711 8.40259
0.969556 -0.146657 0.196092
465.048 224.711 36.391
0.969556 -0.146657 -0.196092
465.048 224.711 3.60896
0.96785 -0.104657 0.228722
465.048 229.711 39.1185
0.96785 -0.104657 -0.228722
465.048 229.711 0.881519
0.968403 -0.0527059 0.243759
465.048 234.711 40.3754
0.968403 -0.0527059 -0.243759
465.048 234.711 -0.375418
0.968952 -0.0214328 0.246317
465.048 239.711 40.5893
0.968952 -0.0214328 -0.246317
465.048 239.711 -0.589254
0.969792 0.00918028 0.243761
465.048 244.711 40.3756
0.969792 0.00918028 -0.243761
465.048 244.711 -0.37562
0.971336 0.0444159 0.233525
465.048 249.711 39.52
0.971336 0.0444159 -0.233525
465.048 249.711 0.48003
0.973345 0.0991051 0.206826
465.048 254.711 37.2882
0.973345 0.0991051 -0.206826
465.048 254.711 2.71177
0.979382 0.122261 0.16082
465.048 259.711 33.4427
0.979382 0.122261 -0.16082
465.048 259.711 6.55732
0.987313 0.117288 0.107031
465.048 264.711 28.9466
0.987313 0.117288 -0.107031
465.048 264.711 11.0534
0.99569 0.06799 0.0630805
465.048 269.711 25.2728
0.99569 0.06799 -0.0630805
465.048 269.711 14.7272
0.998073 0.0368816 0.0498984
465.048 274.711 24.1709
0.998073 0.0368816 -0.0498984
465.048 274.711 15.8291
0
