3
185
104 285 0
102.209 289.646 0
102.295 294.617 0
102.604 299.607 0
102.435 304.601 0
101.737 309.548 0
100.581 314.412 0
99.1535 319.203 0
97.5928 323.953 0
96.0634 328.713 0
94.6726 333.515 0
93.5601 338.388 0
92.7425 343.32 0
92.252 348.295 0
92.0438 353.29 0
92.0048 358.289 0
92.0001 363.289 0
92.0001 368.289 0
91.9995 373.289 0
91.9785 378.289 0
91.8302 383.286 0
91.3304 388.259 0
90.472 393.184 0
89.8394 398.139 0
90.3821 403.083 0
92.1069 407.762 0
94.4744 412.165 0
96.9145 416.529 0
99.3677 420.886 0
101.919 425.186 0
104.799 429.266 0
108.357 432.754 0
112.605 435.372 0
117.173 437.399 0
121.765 439.376 0
126.093 441.865 0
130.102 444.85 0
134.033 447.938 0
138.136 450.793 0
142.493 453.241 0
147.022 455.357 0
151.698 457.123 0
156.46 458.646 0
161.235 460.128 0
166.006 461.623 0
170.817 462.985 0
175.648 464.272 0
180.478 465.567 0
185.32 466.814 0
190.19 467.945 0
195.139 468.628 0
200.133 468.731 0
205.088 468.098 0
209.937 466.894 0
214.685 465.328 0
219.366 463.573 0
223.88 461.429 0
228.166 458.86 0
232.279 456.017 0
236.481 453.312 0
240.914 451.005 0
245.528 449.083 0
250.292 447.576 0
255.227 446.81 0
260.217 446.833 0
265.134 447.708 0
269.893 449.221 0
274.416 451.344 0
278.745 453.844 0
282.988 456.488 0
287.24 459.118 0
291.571 461.617 0
296.064 463.805 0
300.722 465.617 0
305.552 466.893 0
310.503 467.525 0
315.467 467.096 0
320.075 465.251 0
324.071 462.26 0
327.919 459.071 0
332.108 456.354 0
336.705 454.398 0
341.472 452.898 0
346.305 451.616 0
351.087 450.16 0
355.742 448.338 0
360.291 446.266 0
364.7 443.911 0
368.905 441.209 0
372.946 438.266 0
376.918 435.229 0
380.857 432.149 0
384.818 429.098 0
388.786 426.055 0
392.606 422.832 0
396.203 419.361 0
399.564 415.66 0
402.76 411.816 0
405.672 407.755 0
407.966 403.326 0
409.402 398.545 0
410.177 393.608 0
410.672 388.633 0
410.882 383.639 0
410.804 378.641 0
410.474 373.652 0
410.16 368.662 0
410.021 363.664 0
409.932 358.665 0
409.72 353.67 0
409.266 348.691 0
408.546 343.744 0
407.612 338.833 0
406.561 333.944 0
405.35 329.094 0
404.019 324.274 0
402.629 319.471 0
401.199 314.68 0
399.864 309.862 0
398.748 304.989 0
397.799 300.08 0
396.872 295.167 0
395.742 290.298 0
393.992 285.625 0
391.488 281.306 0
388.341 277.427 0
384.86 273.839 0
381.11 270.535 0
377.113 267.535 0
372.726 265.154 0
367.964 263.69 0
362.988 263.287 0
358.002 263.592 0
353.05 264.281 0
348.101 264.986 0
343.132 265.542 0
338.143 265.856 0
333.144 265.978 0
328.144 265.998 0
323.144 266 0
318.144 265.997 0
313.145 265.972 0
308.146 265.848 0
303.158 265.516 0
298.205 264.849 0
293.322 263.784 0
288.523 262.383 0
283.738 260.935 0
278.875 259.783 0
273.912 259.201 0
268.917 259.019 0
263.917 258.991 0
258.917 258.937 0
253.921 258.742 0
248.931 258.429 0
243.939 258.155 0
238.941 258.027 0
233.941 258.011 0
228.946 258.197 0
224.004 258.917 0
219.213 260.33 0
214.536 262.096 0
209.885 263.931 0
205.145 265.516 0
200.231 266.404 0
195.24 266.583 0
190.249 266.288 0
185.265 265.895 0
180.29 265.394 0
175.332 264.755 0
170.394 263.97 0
165.473 263.086 0
160.526 262.367 0
155.536 262.065 0
150.537 262.01 0
145.54 262.146 0
140.575 262.689 0
135.769 264.04 0
131.197 266.053 0
126.833 268.489 0
122.639 271.211 0
118.533 274.063 0
114.351 276.803 0
110.134 279.49 0
106.231 282.603 0
1091
-0.893713 -0.448638 0
104 285 0
-0.973231 -0.229829 0
102.209 289.646 0
-0.996922 0.0784 0
102.295 294.617 0
-0.999983 -0.00585936 0
102.604 299.607 0
-0.996521 -0.0833441 0
102.435 304.601 0
-0.977089 -0.21283 0
101.737 309.548 0
-0.966488 -0.256713 0
100.581 314.412 0
-0.950458 -0.310853 0
99.1535 319.203 0
-0.949525 -0.313691 0
97.5928 323.953 0
-0.956402 -0.292054 0
96.0634 328.713 0
-0.964445 -0.264284 0
94.6726 333.515 0
-0.982831 -0.18451 0
93.5601 338.388 0
-0.989172 -0.146759 0
92.7425 343.32 0
-0.998032 -0.0627136 0
92.252 348.295 0
-0.999593 -0.0285339 0
92.0438 353.29 0
-0.999997 -0.00222779 0
92.0048 358.289 0
-1 0 0
92.0001 363.289 0
-1 6.10352e-05 0
92.0001 368.289 0
-0.999999 -0.00134277 0
91.9995 373.289 0
-0.999969 -0.00793462 0
91.9785 378.289 0
-0.997529 -0.0702516 0
91.8302 383.286 0
-0.991441 -0.130554 0
91.3304 388.259 0
-0.984468 -0.175566 0
90.472 393.184 0
-0.996258 -0.0864262 0
89.8394 398.139 0
-0.965713 0.259613 0
90.3821 403.083 0
-0.917129 0.39859 0
92.1069 407.762 0
-0.871971 0.489558 0
94.4744 412.165 0
-0.873436 0.486939 0
96.9145 416.529 0
-0.867726 0.497042 0
99.3677 420.886 0
-0.83821 0.545348 0
101.919 425.186 0
-0.784999 0.619497 0
104.799 429.266 0
-0.573567 0.819159 0
108.357 432.754 0
-0.468605 0.883408 0
112.605 435.372 0
-0.375733 0.926728 0
117.173 437.399 0
-0.413329 0.910582 0
121.765 439.376 0
-0.5679 0.823098 0
126.093 441.865 0
-0.617981 0.786193 0
130.102 444.85 0
-0.598588 0.801057 0
134.033 447.938 0
-0.554838 0.831959 0
138.136 450.793 0
-0.456479 0.889734 0
142.493 453.241 0
-0.370041 0.929016 0
147.022 455.357 0
-0.328574 0.944478 0
151.698 457.123 0
-0.291858 0.956462 0
156.46 458.646 0
-0.301854 0.953354 0
161.235 460.128 0
-0.283356 0.959015 0
166.006 461.623 0
-0.262096 0.965042 0
170.817 462.985 0
-0.259645 0.965704 0
175.648 464.272 0
-0.258358 0.966049 0
180.478 465.567 0
-0.241516 0.970397 0
185.32 466.814 0
-0.215667 0.976467 0
190.19 467.945 0
-0.0752262 0.997167 0
195.139 468.628 0
0.0100862 0.999949 0
200.133 468.731 0
0.185468 0.98265 0
205.088 468.098 0
0.304977 0.95236 0
209.937 466.894 0
0.325715 0.945468 0
214.685 465.328 0
0.401702 0.91577 0
219.366 463.573 0
0.46231 0.886718 0
223.88 461.429 0
0.5609 0.827884 0
228.166 458.86 0
0.575846 0.817558 0
232.279 456.017 0
0.492808 0.870138 0
236.481 453.312 0
0.437863 0.899042 0
240.914 451.005 0
0.345623 0.938374 0
245.528 449.083 0
0.276401 0.961042 0
250.292 447.576 0
0.086548 0.996248 0
255.227 446.81 0
-0.136258 0.990673 0
260.217 446.833 0
-0.22574 0.974188 0
265.134 447.708 0
-0.390808 0.920472 0
269.893 449.221 0
-0.458833 0.888522 0
274.416 451.344 0
-0.524281 0.851545 0
278.745 453.844 0
-0.53272 0.846291 0
282.988 456.488 0
-0.5149 0.85725 0
287.24 459.118 0
-0.489654 0.871917 0
291.571 461.617 0
-0.401915 0.915677 0
296.064 463.805 0
-0.283541 0.95896 0
300.722 465.617 0
-0.209408 0.977828 0
305.552 466.893 0
0.0106202 0.999944 0
310.503 467.525 0
0.174318 0.984689 0
315.467 467.096 0
0.544951 0.838468 0
320.075 465.251 0
0.641489 0.767132 0
324.071 462.26 0
0.599189 0.800608 0
327.919 459.071 0
0.508997 0.860768 0
332.108 456.354 0
0.33807 0.941121 0
336.705 454.398 0
0.254974 0.966948 0
341.472 452.898 0
0.258815 0.965927 0
346.305 451.616 0
0.347412 0.937713 0
351.087 450.16 0
0.386651 0.922226 0
355.742 448.338 0
0.44941 0.893326 0
360.291 446.266 0
0.492987 0.870037 0
364.7 443.911 0
0.577641 0.816291 0
368.905 441.209 0
0.597585 0.801805 0
372.946 438.266 0
0.613681 0.789554 0
376.918 435.229 0
0.617553 0.786529 0
380.857 432.149 0
0.604964 0.796253 0
384.818 429.098 0
0.632317 0.77471 0
388.786 426.055 0
0.66653 0.745478 0
392.606 422.832 0
0.731482 0.68186 0
396.203 419.361 0
0.752654 0.658416 0
399.564 415.66 0
0.793861 0.608099 0
402.76 411.816 0
0.833316 0.552797 0
405.672 407.755 0
0.937746 0.347321 0
407.966 403.326 0
0.971918 0.23532 0
409.402 398.545 0
0.99326 0.115906 0
410.177 393.608 0
0.996127 0.0879214 0
410.672 388.633 0
0.999925 0.0122069 0
410.882 383.639 0
0.998117 -0.061339 0
410.804 378.641 0
0.997262 -0.0739425 0
410.474 373.652 0
0.999356 -0.0358886 0
410.16 368.662 0
0.999849 -0.017395 0
410.021 363.664 0
0.999565 -0.0294798 0
409.932 358.665 0
0.998433 -0.0559686 0
409.72 353.67 0
0.992169 -0.124906 0
409.266 348.691 0
0.98723 -0.1593 0
408.546 343.744 0
0.979557 -0.201166 0
407.612 338.833 0
0.976448 -0.215754 0
406.561 333.944 0
0.966129 -0.258058 0
405.35 329.094 0
0.961306 -0.275483 0
404.019 324.274 0
0.959239 -0.282596 0
402.629 319.471 0
0.960461 -0.278415 0
401.199 314.68 0
0.968073 -0.25067 0
399.864 309.862 0
0.980699 -0.195523 0
398.748 304.989 0
0.983076 -0.183199 0
397.799 300.08 0
0.979811 -0.199924 0
396.872 295.167 0
0.968308 -0.24976 0
395.742 290.298 0
0.896589 -0.442863 0
393.992 285.625 0
0.840111 -0.542415 0
391.488 281.306 0
0.739064 -0.673635 0
388.341 277.427 0
0.704539 -0.709666 0
384.86 273.839 0
0.633892 -0.773421 0
381.11 270.535 0
0.516787 -0.856114 0
377.113 267.535 0
0.410031 -0.912072 0
372.726 265.154 0
0.132661 -0.991161 0
367.964 263.69 0
0.0198978 -0.999802 0
362.988 263.287 0
-0.124632 -0.992203 0
358.002 263.592 0
-0.149539 -0.988756 0
353.05 264.281 0
-0.125946 -0.992037 0
348.101 264.986 0
-0.100341 -0.994953 0
343.132 265.542 0
-0.0385749 -0.999256 0
338.143 265.856 0
-0.0162662 -0.999868 0
333.144 265.978 0
-0.00109863 -0.999999 0
328.144 265.998 0
0.000213623 -1 0
323.144 266 0
0.00128174 -0.999999 0
318.144 265.997 0
0.0158996 -0.999874 0
313.145 265.972 0
0.0367125 -0.999326 0
308.146 265.848 0
0.109862 -0.993947 0
303.158 265.516 0
0.15979 -0.987151 0
298.205 264.849 0
0.263946 -0.964537 0
293.322 263.784 0
0.295038 -0.955486 0
288.523 262.383 0
0.264832 -0.964295 0
283.738 260.935 0
0.204103 -0.978949 0
278.875 259.783 0
0.0618577 -0.998085 0
273.912 259.201 0
0.0213626 -0.999772 0
268.917 259.019 0
0.00466914 -0.999989 0
263.917 258.991 0
0.0307012 -0.999529 0
258.917 258.937 0
0.0528247 -0.998604 0
253.921 258.742 0
0.0627279 -0.998031 0
248.931 258.429 0
0.0433809 -0.999059 0
243.939 258.155 0
0.00854487 -0.999963 0
238.941 258.027 0
-0.00303649 -0.999995 0
233.941 258.011 0
-0.0933681 -0.995632 0
228.946 258.197 0
-0.186858 -0.982387 0
224.004 258.917 0
-0.335198 -0.942148 0
219.213 260.33 0
-0.364625 -0.931154 0
214.536 262.096 0
-0.354429 -0.935083 0
209.885 263.931 0
-0.21657 -0.976267 0
205.145 265.516 0
-0.11412 -0.993467 0
200.231 266.404 0
0.047866 -0.998854 0
195.24 266.583 0
0.0719454 -0.997409 0
190.249 266.288 0
0.0902716 -0.995917 0
185.265 265.895 0
0.109681 -0.993967 0
180.29 265.394 0
0.143861 -0.989598 0
175.332 264.755 0
0.16672 -0.986004 0
170.394 263.97 0
0.16939 -0.985549 0
165.473 263.086 0
0.12889 -0.991659 0
160.526 262.367 0
0.0292511 -0.999572 0
155.536 262.065 0
-0.0140532 -0.999901 0
150.537 262.01 0
-0.0480654 -0.998844 0
145.54 262.146 0
-0.223403 -0.974726 0
140.575 262.689 0
-0.33098 -0.943638 0
135.769 264.04 0
-0.466373 -0.884588 0
131.197 266.053 0
-0.508615 -0.860994 0
126.833 268.489 0
-0.569177 -0.822215 0
122.639 271.211 0
-0.571399 -0.820672 0
118.533 274.063 0
-0.531005 -0.847368 0
114.351 276.803 0
-0.541287 -0.840838 0
110.134 279.49 0
-0.679895 -0.733309 0
106.231 282.603 0
-0.974102 -0.186674 0.127586
94.798 338.004 8.19368
-0.974102 -0.186674 -0.127586
94.798 338.004 -8.19368
-0.972873 -0.143921 0.181119
94.798 343.004 11.6316
-0.972873 -0.143921 -0.181119
94.798 343.004 -11.6316
-0.974903 -0.0806167 0.207523
94.798 348.004 13.3273
-0.974903 -0.0806167 -0.207523
94.798 348.004 -13.3273
-0.975472 -0.0432449 0.215832
94.798 353.004 13.8609
-0.975472 -0.0432449 -0.215832
94.798 353.004 -13.8609
-0.976009 -0.0176937 0.21701
94.798 358.004 13.9366
-0.976009 -0.0176937 -0.21701
94.798 358.004 -13.9366
-0.976157 -0.0075633 0.216933
94.798 363.004 13.9316
-0.976157 -0.0075633 -0.216933
94.798 363.004 -13.9316
-0.975944 -0.00317029 0.217996
94.798 368.004 13.9999
-0.975944 -0.00317029 -0.217996
94.798 368.004 -13.9999
-0.975314 -0.00249736 0.220809
94.798 373.004 14.1806
-0.975314 -0.00249736 -0.220809
94.798 373.004 -14.1806
-0.973748 -0.00960943 0.227426
94.798 378.004 14.6055
-0.973748 -0.00960943 -0.227426
94.798 378.004 -14.6055
-0.968796 -0.0410093 0.244444
94.798 383.004 15.6984
-0.968796 -0.0410093 -0.244444
94.798 383.004 -15.6984
-0.957816 -0.0608207 0.280872
94.798 388.004 18.0378
-0.957816 -0.0608207 -0.280872
94.798 388.004 -18.0378
-0.942945 -0.0363855 0.330954
94.798 393.004 21.2542
-0.942945 -0.0363855 -0.330954
94.798 393.004 -21.2542
-0.92851 0.0675998 0.365101
94.798 398.004 23.4471
-0.92851 0.0675998 -0.365101
94.798 398.004 -23.4471
-0.909669 0.238196 0.340242
94.798 403.004 21.8506
-0.909669 0.238196 -0.340242
94.798 403.004 -21.8506
-0.890352 0.379925 0.250858
94.798 408.004 16.1103
-0.890352 0.379925 -0.250858
94.798 408.004 -16.1103
-0.944888 -0.2976 0.13646
99.798 318.004 8.76356
-0.944888 -0.2976 -0.13646
99.798 318.004 -8.76356
-0.93534 -0.294154 0.196501
99.798 323.004 12.6195
-0.93534 -0.294154 -0.196501
99.798 323.004 -12.6195
-0.928883 -0.270708 0.25277
99.798 328.004 16.2331
-0.928883 -0.270708 -0.25277
99.798 328.004 -16.2331
-0.925485 -0.235429 0.296732
99.798 333.004 19.0564
-0.925485 -0.235429 -0.296732
99.798 333.004 -19.0564
-0.925305 -0.189266 0.328616
99.798 338.004 21.104
-0.925305 -0.189266 -0.328616
99.798 338.004 -21.104
-0.925871 -0.143149 0.349673
99.798 343.004 22.4563
-0.925871 -0.143149 -0.349673
99.798 343.004 -22.4563
-0.926837 -0.0991582 0.362134
99.798 348.004 23.2565
-0.926837 -0.0991582 -0.362134
99.798 348.004 -23.2565
-0.927808 -0.0628154 0.367732
99.798 353.004 23.6161
-0.927808 -0.0628154 -0.367732
99.798 353.004 -23.6161
-0.928411 -0.0360822 0.369798
99.798 358.004 23.7487
-0.928411 -0.0360822 -0.369798
99.798 358.004 -23.7487
-0.928394 -0.0179572 0.371164
99.798 363.004 23.8365
-0.928394 -0.0179572 -0.371164
99.798 363.004 -23.8365
-0.927553 -0.00592663 0.373646
99.798 368.004 23.9959
-0.927553 -0.00592663 -0.373646
99.798 368.004 -23.9959
-0.925624 0.00168023 0.378442
99.798 373.004 24.3038
-0.925624 0.00168023 -0.378442
99.798 373.004 -24.3038
-0.921961 0.00489896 0.387253
99.798 378.004 24.8697
-0.921961 0.00489896 -0.387253
99.798 378.004 -24.8697
-0.915332 0.00643103 0.402648
99.798 383.004 25.8584
-0.915332 0.00643103 -0.402648
99.798 383.004 -25.8584
-0.904609 0.0197091 0.425786
99.798 388.004 27.3443
-0.904609 0.0197091 -0.425786
99.798 388.004 -27.3443
-0.890205 0.0624656 0.451258
99.798 393.004 28.9802
-0.890205 0.0624656 -0.451258
99.798 393.004 -28.9802
-0.873835 0.145271 0.464014
99.798 398.004 29.7994
-0.873835 0.145271 -0.464014
99.798 398.004 -29.7994
-0.857236 0.255971 0.446794
99.798 403.004 28.6935
-0.857236 0.255971 -0.446794
99.798 403.004 -28.6935
-0.843431 0.363942 0.395183
99.798 408.004 25.379
-0.843431 0.363942 -0.395183
99.798 408.004 -25.379
-0.838828 0.4436 0.315573
99.798 413.004 20.2664
-0.838828 0.4436 -0.315573
99.798 413.004 -20.2664
-0.844445 0.485525 0.226228
99.798 418.004 14.5285
-0.844445 0.485525 -0.226228
99.798 418.004 -14.5285
-0.868045 -0.375186 0.325165
104.798 288.004 20.8824
-0.868045 -0.375186 -0.325165
104.798 288.004 -20.8824
-0.924677 -0.136361 0.355496
104.798 293.004 22.8303
-0.924677 -0.136361 -0.355496
104.798 293.004 -22.8303
-0.950961 -0.0765769 0.299682
104.798 298.004 19.2459
-0.950961 -0.0765769 -0.299682
104.798 298.004 -19.2459
-0.955149 -0.115177 0.27281
104.798 303.004 17.5201
-0.955149 -0.115177 -0.27281
104.798 303.004 -17.5201
-0.943386 -0.185451 0.27501
104.798 308.004 17.6614
-0.943386 -0.185451 -0.27501
104.798 308.004 -17.6614
-0.927163 -0.234137 0.292487
104.798 313.004 18.7838
-0.927163 -0.234137 -0.292487
104.798 313.004 -18.7838
-0.910488 -0.258764 0.322572
104.798 318.004 20.7158
-0.910488 -0.258764 -0.322572
104.798 318.004 -20.7158
-0.897219 -0.261705 0.355682
104.798 323.004 22.8422
-0.897219 -0.261705 -0.355682
104.798 323.004 -22.8422
-0.888833 -0.245308 0.38704
104.798 328.004 24.8561
-0.888833 -0.245308 -0.38704
104.798 328.004 -24.8561
-0.884044 -0.216886 0.414036
104.798 333.004 26.5898
-0.884044 -0.216886 -0.414036
104.798 333.004 -26.5898
-0.881862 -0.181137 0.435327
104.798 338.004 27.9571
-0.881862 -0.181137 -0.435327
104.798 338.004 -27.9571
-0.881217 -0.142793 0.450629
104.798 343.004 28.9398
-0.881217 -0.142793 -0.450629
104.798 343.004 -28.9398
-0.881332 -0.105522 0.460563
104.798 348.004 29.5778
-0.881332 -0.105522 -0.460563
104.798 348.004 -29.5778
-0.881666 -0.072185 0.46632
104.798 353.004 29.9475
-0.881666 -0.072185 -0.46632
104.798 353.004 -29.9475
-0.881729 -0.0443262 0.469669
104.798 358.004 30.1625
-0.881729 -0.0443262 -0.469669
104.798 358.004 -30.1625
-0.881111 -0.0218 0.472406
104.798 363.004 30.3384
-0.881111 -0.0218 -0.472406
104.798 363.004 -30.3384
-0.879457 -0.0034281 0.475966
104.798 368.004 30.567
-0.879457 -0.0034281 -0.475966
104.798 368.004 -30.567
-0.876371 0.0123032 0.481479
104.798 373.004 30.921
-0.876371 0.0123032 -0.481479
104.798 373.004 -30.921
-0.871288 0.0273876 0.490006
104.798 378.004 31.4686
-0.871288 0.0273876 -0.490006
104.798 378.004 -31.4686
-0.795951 0.362176 0.485067
104.798 408.004 31.1514
-0.795951 0.362176 -0.485067
104.798 408.004 -31.1514
-0.78818 0.435435 0.434934
104.798 413.004 27.9319
-0.78818 0.435435 -0.434934
104.798 413.004 -27.9319
-0.785044 0.494225 0.373427
104.798 418.004 23.9818
-0.785044 0.494225 -0.373427
104.798 418.004 -23.9818
-0.783278 0.547987 0.293575
104.798 423.004 18.8536
-0.783278 0.547987 -0.293575
104.798 423.004 -18.8536
-0.772306 0.616649 0.152603
104.798 428.004 9.80031
-0.772306 0.616649 -0.152603
104.798 428.004 -9.80031
-0.652005 -0.681084 0.333189
109.798 283.004 21.3977
-0.652005 -0.681084 -0.333189
109.798 283.004 -21.3977
-0.750471 -0.484889 0.449084
109.798 288.004 28.8405
-0.750471 -0.484889 -0.449084
109.798 288.004 -28.8405
-0.812755 -0.320319 0.486646
109.798 293.004 31.2529
-0.812755 -0.320319 -0.486646
109.798 293.004 -31.2529
-0.85151 -0.229943 0.471228
109.798 298.004 30.2627
-0.85151 -0.229943 -0.471228
109.798 298.004 -30.2627
-0.86964 -0.209271 0.447138
109.798 303.004 28.7156
-0.86964 -0.209271 -0.447138
109.798 303.004 -28.7156
-0.872465 -0.22291 0.434874
109.798 308.004 27.928
-0.872465 -0.22291 -0.434874
109.798 308.004 -27.928
-0.866813 -0.241303 0.436357
109.798 313.004 28.0232
-0.866813 -0.241303 -0.436357
109.798 313.004 -28.0232
-0.858219 -0.250046 0.448261
109.798 318.004 28.7877
-0.858219 -0.250046 -0.448261
109.798 318.004 -28.7877
-0.850015 -0.246325 0.465617
109.798 323.004 29.9023
-0.850015 -0.246325 -0.465617
109.798 323.004 -29.9023
-0.843769 -0.230664 0.484611
109.798 328.004 31.1221
-0.843769 -0.230664 -0.484611
109.798 328.004 -31.1221
-0.718389 0.511751 0.4712
109.798 418.004 30.2608
-0.718389 0.511751 -0.4712
109.798 418.004 -30.2608
-0.695748 0.584058 0.418105
109.798 423.004 26.8511
-0.695748 0.584058 -0.418105
109.798 423.004 -26.8511
-0.649365 0.678204 0.344042
109.798 428.004 22.0947
-0.649365 0.678204 -0.344042
109.798 428.004 -22.0947
-0.570045 0.802882 0.174438
109.798 433.004 11.2025
-0.570045 0.802882 -0.174438
109.798 433.004 -11.2025
-0.540195 -0.82523 0.164876
114.798 278.004 10.5885
-0.540195 -0.82523 -0.164876
114.798 278.004 -10.5885
-0.606205 -0.681846 0.409392
114.798 283.004 26.2915
-0.606205 -0.681846 -0.409392
114.798 283.004 -26.2915
-0.627902 0.608681 0.485022
114.798 423.004 31.1486
-0.627902 0.608681 -0.485022
114.798 423.004 -31.1486
-0.576295 0.704303 0.414536
114.798 428.004 26.6219
-0.576295 0.704303 -0.414536
114.798 428.004 -26.6219
-0.497134 0.819935 0.283838
114.798 433.004 18.2283
-0.497134 0.819935 -0.283838
114.798 433.004 -18.2283
-0.554474 -0.765852 0.325621
119.798 278.004 20.9117
-0.554474 -0.765852 -0.325621
119.798 278.004 -20.9117
-0.574763 -0.675327 0.462148
119.798 283.004 29.6795
-0.574763 -0.675327 -0.462148
119.798 283.004 -29.6795
-0.53978 0.706884 0.457113
119.798 428.004 29.3562
-0.53978 0.706884 -0.457113
119.798 428.004 -29.3562
-0.47975 0.805138 0.348703
119.798 433.004 22.394
-0.47975 0.805138 -0.348703
119.798 433.004 -22.394
-0.427224 0.881074 0.202949
119.798 438.004 13.0336
-0.427224 0.881074 -0.202949
119.798 438.004 -13.0336
-0.533192 -0.806841 0.254387
124.798 273.004 16.337
-0.533192 -0.806841 -0.254387
124.798 273.004 -16.337
-0.521733 -0.749282 0.407885
124.798 278.004 26.1948
-0.521733 -0.749282 -0.407885
124.798 278.004 -26.1948
-0.523952 0.696263 0.490603
124.798 428.004 31.5069
-0.523952 0.696263 -0.490603
124.798 428.004 -31.5069
-0.497078 0.772609 0.394955
124.798 433.004 25.3643
-0.497078 0.772609 -0.394955
124.798 433.004 -25.3643
-0.485254 0.835568 0.257595
124.798 438.004 16.543
-0.485254 0.835568 -0.257595
124.798 438.004 -16.543
-0.463958 -0.860392 0.210877
129.798 268.004 13.5427
-0.463958 -0.860392 -0.210877
129.798 268.004 -13.5427
-0.463787 -0.809963 0.358972
129.798 273.004 23.0535
-0.463787 -0.809963 -0.358972
129.798 273.004 -23.0535
-0.467816 -0.749085 0.469062
129.798 278.004 30.1235
-0.467816 -0.749085 -0.469062
129.798 278.004 -30.1235
-0.507388 0.740753 0.440275
129.798 433.004 28.2748
-0.507388 0.740753 -0.440275
129.798 433.004 -28.2748
-0.526585 0.783449 0.330024
129.798 438.004 21.1944
-0.526585 0.783449 -0.330024
129.798 438.004 -21.1944
-0.587974 0.790043 0.173548
129.798 443.004 11.1454
-0.587974 0.790043 -0.173548
129.798 443.004 -11.1454
-0.374779 -0.879081 0.294544
134.798 268.004 18.9159
-0.374779 -0.879081 -0.294544
134.798 268.004 -18.9159
-0.387062 -0.818331 0.424874
134.798 273.004 27.2858
-0.387062 -0.818331 -0.424874
134.798 273.004 -27.2858
-0.497227 0.719486 0.484876
134.798 433.004 31.1392
-0.497227 0.719486 -0.484876
134.798 433.004 -31.1392
-0.513979 0.759687 0.398373
134.798 438.004 25.5839
-0.513979 0.759687 -0.398373
134.798 438.004 -25.5839
-0.546845 0.785279 0.290339
134.798 443.004 18.6458
-0.546845 0.785279 -0.290339
134.798 443.004 -18.6458
-0.592819 0.801079 0.082688
134.798 448.004 5.3103
-0.592819 0.801079 -0.082688
134.798 448.004 -5.3103
-0.226449 -0.968296 0.105473
139.798 263.004 6.77355
-0.226449 -0.968296 -0.105473
139.798 263.004 -6.77355
-0.270882 -0.896369 0.350921
139.798 268.004 22.5365
-0.270882 -0.896369 -0.350921
139.798 268.004 -22.5365
-0.303675 -0.831412 0.465334
139.798 273.004 29.8842
-0.303675 -0.831412 -0.465334
139.798 273.004 -29.8842
-0.481971 0.749819 0.453294
139.798 438.004 29.111
-0.481971 0.749819 -0.453294
139.798 438.004 -29.111
-0.497011 0.786301 0.367031
139.798 443.004 23.571
-0.497011 0.786301 -0.367031
139.798 443.004 -23.571
-0.514675 0.821489 0.24549
139.798 448.004 15.7656
-0.514675 0.821489 -0.24549
139.798 448.004 -15.7656
-0.0689685 -0.987372 0.142615
144.798 263.004 9.15885
-0.0689685 -0.987372 -0.142615
144.798 263.004 -9.15885
-0.171665 -0.910562 0.376044
144.798 268.004 24.1499
-0.171665 -0.910562 -0.376044
144.798 268.004 -24.1499
-0.223698 -0.845279 0.485245
144.798 273.004 31.1628
-0.223698 -0.845279 -0.485245
144.798 273.004 -31.1628
-0.443368 0.746068 0.496797
144.798 438.004 31.9048
-0.443368 0.746068 -0.496797
144.798 438.004 -31.9048
-0.445802 0.789691 0.421483
144.798 443.004 27.068
-0.445802 0.789691 -0.421483
144.798 443.004 -27.068
-0.442193 0.836226 0.324332
144.798 448.004 20.8289
-0.442193 0.836226 -0.324332
144.798 448.004 -20.8289
-0.427185 0.884502 0.187533
144.798 453.004 12.0436
-0.427185 0.884502 -0.187533
144.798 453.004 -12.0436
-0.0260088 -0.989275 0.143729
149.798 263.004 9.23039
-0.0260088 -0.989275 -0.143729
149.798 263.004 -9.23039
-0.0968093 -0.920829 0.377758
149.798 268.004 24.26
-0.0968093 -0.920829 -0.377758
149.798 268.004 -24.26
-0.153906 -0.857983 0.49008
149.798 273.004 31.4733
-0.153906 -0.857983 -0.49008
149.798 273.004 -31.4733
-0.400016 0.791786 0.461586
149.798 443.004 29.6434
-0.400016 0.791786 -0.461586
149.798 443.004 -29.6434
-0.389194 0.841866 0.373886
149.798 448.004 24.0113
-0.389194 0.841866 -0.373886
149.798 448.004 -24.0113
-0.367123 0.896787 0.246971
149.798 453.004 15.8607
-0.367123 0.896787 -0.246971
149.798 453.004 -15.8607
0.0208624 -0.990397 0.136669
154.798 263.004 8.77699
0.0208624 -0.990397 -0.136669
154.798 263.004 -8.77699
-0.036534 -0.927677 0.371592
154.798 268.004 23.8639
-0.036534 -0.927677 -0.371592
154.798 268.004 -23.8639
-0.0944757 -0.868945 0.485808
154.798 273.004 31.199
-0.0944757 -0.868945 -0.485808
154.798 273.004 -31.199
-0.360955 0.791747 0.492796
154.798 443.004 31.6478
-0.360955 0.791747 -0.492796
154.798 443.004 -31.6478
-0.349965 0.842109 0.410338
154.798 448.004 26.3523
-0.349965 0.842109 -0.410338
154.798 448.004 -26.3523
-0.332282 0.895127 0.297213
154.798 453.004 19.0873
-0.332282 0.895127 -0.297213
154.798 453.004 -19.0873
-0.305811 0.939547 0.154046
154.798 458.004 9.89295
-0.305811 0.939547 -0.154046
154.798 458.004 -9.89295
0.11616 -0.986487 0.115546
159.798 263.004 7.42044
0.11616 -0.986487 -0.115546
159.798 263.004 -7.42044
0.0232665 -0.933021 0.359069
159.798 268.004 23.0597
0.0232665 -0.933021 -0.359069
159.798 268.004 -23.0597
-0.043344 -0.878942 0.474954
159.798 273.004 30.502
-0.043344 -0.878942 -0.474954
159.798 273.004 -30.502
-0.318751 0.839367 0.440297
159.798 448.004 28.2762
-0.318751 0.839367 -0.440297
159.798 448.004 -28.2762
-0.308299 0.889687 0.336761
159.798 453.004 21.6271
-0.308299 0.889687 -0.336761
159.798 453.004 -21.6271
-0.29983 0.934956 0.189628
159.798 458.004 12.1781
-0.29983 0.934956 -0.189628
159.798 458.004 -12.1781
0.163024 -0.983194 0.0821706
164.798 263.004 5.27707
0.163024 -0.983194 -0.0821706
164.798 263.004 -5.27707
0.0707355 -0.939831 0.334236
164.798 268.004 21.4649
0.0707355 -0.939831 -0.334236
164.798 268.004 -21.4649
-0.00326687 -0.889106 0.457689
164.798 273.004 29.3932
-0.00326687 -0.889106 -0.457689
164.798 273.004 -29.3932
-0.290782 0.835071 0.467014
164.798 448.004 29.9921
-0.290782 0.835071 -0.467014
164.798 448.004 -29.9921
-0.287091 0.882834 0.371728
164.798 453.004 23.8727
-0.287091 0.882834 -0.371728
164.798 453.004 -23.8727
-0.2862 0.927995 0.23857
164.798 458.004 15.3212
-0.2862 0.927995 -0.23857
164.798 458.004 -15.3212
0.0956721 -0.949289 0.299495
169.798 268.004 19.2338
0.0956721 -0.949289 -0.299495
169.798 268.004 -19.2338
0.0219458 -0.899714 0.435928
169.798 273.004 27.9957
0.0219458 -0.899714 -0.435928
169.798 273.004 -27.9957
-0.262557 0.830259 0.491664
169.798 448.004 31.5751
-0.262557 0.830259 -0.491664
169.798 448.004 -31.5751
-0.263075 0.876395 0.403389
169.798 453.004 25.906
-0.263075 0.876395 -0.403389
169.798 453.004 -25.906
-0.265501 0.921455 0.283601
169.798 458.004 18.2131
-0.265501 0.921455 -0.283601
169.798 458.004 -18.2131
0.09866 -0.959943 0.262251
174.798 268.004 16.842
0.09866 -0.959943 -0.262251
174.798 268.004 -16.842
0.031929 -0.910027 0.413318
174.798 273.004 26.5436
0.031929 -0.910027 -0.413318
174.798 273.004 -26.5436
-0.23635 0.870182 0.432345
174.798 453.004 27.7656
-0.23635 0.870182 -0.432345
174.798 453.004 -27.7656
-0.244482 0.914213 0.323178
174.798 458.004 20.7548
-0.244482 0.914213 -0.323178
174.798 458.004 -20.7548
-0.256226 0.956295 0.140885
174.798 463.004 9.04778
-0.256226 0.956295 -0.140885
174.798 463.004 -9.04778
0.0855356 -0.970159 0.226882
179.798 268.004 14.5705
0.0855356 -0.970159 -0.226882
179.798 268.004 -14.5705
0.0297433 -0.919087 0.392931
179.798 273.004 25.2344
0.0297433 -0.919087 -0.392931
179.798 273.004 -25.2344
-0.0197272 -0.867424 0.497179
179.798 278.004 31.9293
-0.0197272 -0.867424 -0.497179
179.798 278.004 -31.9293
-0.204874 0.864233 0.459487
179.798 453.004 29.5087
-0.204874 0.864233 -0.459487
179.798 453.004 -29.5087
-0.218854 0.906924 0.359989
179.798 458.004 23.1188
-0.218854 0.906924 -0.359989
179.798 458.004 -23.1188
-0.24241 0.947547 0.208308
179.798 463.004 13.3777
-0.24241 0.947547 -0.208308
179.798 463.004 -13.3777
0.0717726 -0.977892 0.196408
184.798 268.004 12.6135
0.0717726 -0.977892 -0.196408
184.798 268.004 -12.6135
0.0193162 -0.92616 0.376636
184.798 273.004 24.1879
0.0193162 -0.92616 -0.376636
184.798 273.004 -24.1879
-0.0246837 -0.874529 0.484344
184.798 278.004 31.105
-0.0246837 -0.874529 -0.484344
184.798 278.004 -31.105
-0.165438 0.858987 0.484533
184.798 453.004 31.1171
-0.165438 0.858987 -0.484533
184.798 453.004 -31.1171
-0.181861 0.900759 0.394411
184.798 458.004 25.3294
-0.181861 0.900759 -0.394411
184.798 458.004 -25.3294
-0.211239 0.941272 0.263409
184.798 463.004 16.9164
-0.211239 0.941272 -0.263409
184.798 463.004 -16.9164
0.0556162 -0.983658 0.171239
189.798 268.004 10.9971
0.0556162 -0.983658 -0.171239
189.798 268.004 -10.9971
0.00028005 -0.930867 0.365359
189.798 273.004 23.4636
0.00028005 -0.930867 -0.365359
189.798 273.004 -23.4636
-0.0383077 -0.879045 0.475198
189.798 278.004 30.5176
-0.0383077 -0.879045 -0.475198
189.798 278.004 -30.5176
-0.129134 0.89629 0.424251
189.798 458.004 27.2458
-0.129134 0.89629 -0.424251
189.798 458.004 -27.2458
-0.157796 0.937688 0.309582
189.798 463.004 19.8816
-0.157796 0.937688 -0.309582
189.798 463.004 -19.8816
0.0288216 -0.98766 0.153937
194.798 268.004 9.88596
0.0288216 -0.98766 -0.153937
194.798 268.004 -9.88596
-0.0338489 -0.932147 0.360495
194.798 273.004 23.1513
-0.0338489 -0.932147 -0.360495
194.798 273.004 -23.1513
-0.0613523 -0.880117 0.470776
194.798 278.004 30.2336
-0.0613523 -0.880117 -0.470776
194.798 278.004 -30.2336
-0.0598419 0.893403 0.445253
194.798 458.004 28.5945
-0.0598419 0.893403 -0.445253
194.798 458.004 -28.5945
-0.072642 0.937689 0.339799
194.798 463.004 21.8222
-0.072642 0.937689 -0.339799
194.798 463.004 -21.8222
-0.0758583 0.993628 0.0833607
194.798 468.004 5.3535
-0.0758583 0.993628 -0.0833607
194.798 468.004 -5.3535
-0.103925 -0.980502 0.166777
199.798 268.004 10.7106
-0.103925 -0.980502 -0.166777
199.798 268.004 -10.7106
-0.0892882 -0.927009 0.364255
199.798 273.004 23.3928
-0.0892882 -0.927009 -0.364255
199.798 273.004 -23.3928
-0.0916767 -0.876683 0.472253
199.798 278.004 30.3285
-0.0916767 -0.876683 -0.472253
199.798 278.004 -30.3285
0.0213213 0.89088 0.453738
199.798 458.004 29.1395
0.0213213 0.89088 -0.453738
199.798 458.004 -29.1395
0.0251323 0.936178 0.350627
199.798 463.004 22.5176
0.0251323 0.936178 -0.350627
199.798 463.004 -22.5176
0.011365 0.995355 0.095595
199.798 468.004 6.13919
0.011365 0.995355 -0.095595
199.798 468.004 -6.13919
-0.188015 -0.95755 0.218512
204.798 268.004 14.033
-0.188015 -0.95755 -0.218512
204.798 268.004 -14.033
-0.141968 -0.914346 0.379231
204.798 273.004 24.3545
-0.141968 -0.914346 -0.379231
204.798 273.004 -24.3545
-0.12069 -0.868748 0.480324
204.798 278.004 30.8468
-0.12069 -0.868748 -0.480324
204.798 278.004 -30.8468
0.108404 0.887813 0.447254
204.798 458.004 28.723
0.108404 0.887813 -0.447254
204.798 458.004 -28.723
0.136717 0.931135 0.338077
204.798 463.004 21.7116
0.136717 0.931135 -0.338077
204.798 463.004 -21.7116
0.18448 0.982079 0.0385804
204.798 468.004 2.47767
0.18448 0.982079 -0.0385804
204.798 468.004 -2.47767
-0.24482 -0.927937 0.281062
209.798 268.004 18.05
-0.24482 -0.927937 -0.281062
209.798 268.004 -18.05
-0.175142 -0.898136 0.403331
209.798 273.004 25.9023
-0.175142 -0.898136 -0.403331
209.798 273.004 -25.9023
-0.139229 -0.858352 0.493809
209.798 278.004 31.7128
-0.139229 -0.858352 -0.493809
209.798 278.004 -31.7128
0.192904 0.884414 0.424971
209.798 458.004 27.292
0.192904 0.884414 -0.424971
209.798 458.004 -27.292
0.239901 0.924492 0.296246
209.798 463.004 19.0252
0.239901 0.924492 -0.296246
209.798 463.004 -19.0252
-0.351952 -0.930175 0.104421
214.798 263.004 6.706
-0.351952 -0.930175 -0.104421
214.798 263.004 -6.706
-0.243285 -0.91316 0.327033
214.798 268.004 21.0023
-0.243285 -0.91316 -0.327033
214.798 268.004 -21.0023
-0.180294 -0.885052 0.429158
214.798 273.004 27.5609
-0.180294 -0.885052 -0.429158
214.798 273.004 -27.5609
0.226906 0.845016 0.484212
214.798 453.004 31.0965
0.226906 0.845016 -0.484212
214.798 453.004 -31.0965
0.271653 0.880121 0.389347
214.798 458.004 25.0042
0.271653 0.880121 -0.389347
214.798 458.004 -25.0042
0.311187 0.924185 0.221462
214.798 463.004 14.2225
0.311187 0.924185 -0.221462
214.798 463.004 -14.2225
-0.274291 -0.93445 0.227086
219.798 263.004 14.5837
-0.274291 -0.93445 -0.227086
219.798 263.004 -14.5837
-0.205696 -0.908648 0.363384
219.798 268.004 23.3369
-0.205696 -0.908648 -0.363384
219.798 268.004 -23.3369
-0.161177 -0.877557 0.451571
219.798 273.004 29.0003
-0.161177 -0.877557 -0.451571
219.798 273.004 -29.0003
0.298734 0.841645 0.449879
219.798 453.004 28.8916
0.298734 0.841645 -0.449879
219.798 453.004 -28.8916
0.35319 0.87181 0.339416
219.798 458.004 21.7976
0.35319 0.87181 -0.339416
219.798 458.004 -21.7976
0.397728 0.913369 0.0870039
219.798 463.004 5.58746
0.397728 0.913369 -0.0870039
219.798 463.004 -5.58746
-0.170479 -0.94671 0.273272
224.798 263.004 17.5498
-0.170479 -0.94671 -0.273272
224.798 263.004 -17.5498
-0.150851 -0.909894 0.38644
224.798 268.004 24.8175
-0.150851 -0.909894 -0.38644
224.798 268.004 -24.8175
-0.128312 -0.874496 0.467753
224.798 273.004 30.0395
-0.128312 -0.874496 -0.467753
224.798 273.004 -30.0395
0.297465 0.819079 0.490535
224.798 448.004 31.5026
0.297465 0.819079 -0.490535
224.798 448.004 -31.5026
0.374939 0.835927 0.400807
224.798 453.004 25.7402
0.374939 0.835927 -0.400807
224.798 453.004 -25.7402
0.447201 0.853261 0.268248
224.798 458.004 17.2271
0.447201 0.853261 -0.268248
224.798 458.004 -17.2271
-0.0939015 -0.952981 0.288113
229.798 263.004 18.5029
-0.0939015 -0.952981 -0.288113
229.798 263.004 -18.5029
-0.0971624 -0.912641 0.397047
229.798 268.004 25.4987
-0.0971624 -0.912641 -0.397047
229.798 268.004 -25.4987
-0.0916311 -0.874076 0.477068
229.798 273.004 30.6377
-0.0916311 -0.874076 -0.477068
229.798 273.004 -30.6377
0.343254 0.829042 0.441437
229.798 448.004 28.3495
0.343254 0.829042 -0.441437
229.798 448.004 -28.3495
0.451812 0.832079 0.321731
229.798 453.004 20.6618
0.451812 0.832079 -0.321731
229.798 453.004 -20.6618
-0.0378324 -0.956688 0.288647
234.798 263.004 18.5372
-0.0378324 -0.956688 -0.288647
234.798 263.004 -18.5372
-0.0531763 -0.915285 0.399281
234.798 268.004 25.6422
-0.0531763 -0.915285 -0.399281
234.798 268.004 -25.6422
-0.0575958 -0.874962 0.480754
234.798 273.004 30.8744
-0.0575958 -0.874962 -0.480754
234.798 273.004 -30.8744
0.274785 0.830171 0.485086
234.798 443.004 31.1527
0.274785 0.830171 -0.485086
234.798 443.004 -31.1527
0.367612 0.850472 0.376242
234.798 448.004 24.1626
0.367612 0.850472 -0.376242
234.798 448.004 -24.1626
0.472786 0.859989 0.192075
234.798 453.004 12.3352
0.472786 0.859989 -0.192075
234.798 453.004 -12.3352
-0.00435538 -0.958862 0.283839
239.798 263.004 18.2284
-0.00435538 -0.958862 -0.283839
239.798 263.004 -18.2284
-0.0200957 -0.917595 0.397008
239.798 268.004 25.4962
-0.0200957 -0.917595 -0.397008
239.798 268.004 -25.4962
-0.0288152 -0.876427 0.480671
239.798 273.004 30.8691
-0.0288152 -0.876427 -0.480671
239.798 273.004 -30.8691
0.26789 0.856327 0.441519
239.798 443.004 28.3548
0.26789 0.856327 -0.441519
239.798 443.004 -28.3548
0.369338 0.882465 0.291282
239.798 448.004 18.7064
0.369338 0.882465 -0.291282
239.798 448.004 -18.7064
0.0216268 -0.960635 0.276971
244.798 263.004 17.7873
0.0216268 -0.960635 -0.276971
244.798 263.004 -17.7873
0.00445049 -0.919742 0.392497
244.798 268.004 25.2065
0.00445049 -0.919742 -0.392497
244.798 268.004 -25.2065
-0.00555051 -0.878131 0.478387
244.798 273.004 30.7224
-0.00555051 -0.878131 -0.478387
244.798 273.004 -30.7224
0.237119 0.886008 0.398453
244.798 443.004 25.589
0.237119 0.886008 -0.398453
244.798 443.004 -25.589
0.333219 0.929289 0.159334
244.798 448.004 10.2326
0.333219 0.929289 -0.159334
244.798 448.004 -10.2326
0.0367947 -0.962825 0.26761
249.798 263.004 17.1861
0.0367947 -0.962825 -0.26761
249.798 263.004 -17.1861
0.0212997 -0.921874 0.386905
249.798 268.004 24.8474
0.0212997 -0.921874 -0.386905
249.798 268.004 -24.8474
0.0127578 -0.879855 0.47507
249.798 273.004 30.5094
0.0127578 -0.879855 -0.47507
249.798 273.004 -30.5094
0.119227 0.862217 0.492308
249.798 438.004 31.6165
0.119227 0.862217 -0.492308
249.798 438.004 -31.6165
0.179704 0.914858 0.361581
249.798 443.004 23.2211
0.179704 0.914858 -0.361581
249.798 443.004 -23.2211
0.0386757 -0.96525 0.25845
254.798 263.004 16.5979
0.0386757 -0.96525 -0.25845
254.798 263.004 -16.5979
0.0315231 -0.923716 0.38178
254.798 268.004 24.5182
0.0315231 -0.923716 -0.38178
254.798 268.004 -24.5182
0.0274262 -0.881325 0.471714
254.798 273.004 30.2939
0.0274262 -0.881325 -0.471714
254.798 273.004 -30.2939
0.0493247 0.874679 0.482186
254.798 438.004 30.9664
0.0493247 0.874679 -0.482186
254.798 438.004 -30.9664
0.0697977 0.938699 0.337597
254.798 443.004 21.6808
0.0697977 0.938699 -0.337597
254.798 443.004 -21.6808
0.0336402 -0.966776 0.2534
259.798 263.004 16.2736
0.0336402 -0.966776 -0.2534
259.798 263.004 -16.2736
0.0392353 -0.924746 0.378557
259.798 268.004 24.3113
0.0392353 -0.924746 -0.378557
259.798 268.004 -24.3113
0.041032 -0.882273 0.468946
259.798 273.004 30.1161
0.041032 -0.882273 -0.468946
259.798 273.004 -30.1161
-0.0286875 0.875187 0.482933
259.798 438.004 31.0144
-0.0286875 0.875187 -0.482933
259.798 438.004 -31.0144
-0.0652459 0.93896 0.337783
259.798 443.004 21.6927
-0.0652459 0.93896 -0.337783
259.798 443.004 -21.6927
0.0339402 -0.966836 0.253133
264.798 263.004 16.2564
0.0339402 -0.966836 -0.253133
264.798 263.004 -16.2564
0.0512813 -0.924719 0.377181
264.798 268.004 24.2229
0.0512813 -0.924719 -0.377181
264.798 268.004 -24.2229
0.0570184 -0.882653 0.466553
264.798 273.004 29.9625
0.0570184 -0.882653 -0.466553
264.798 273.004 -29.9625
-0.095135 0.863245 0.495739
264.798 438.004 31.8368
-0.095135 0.863245 -0.495739
264.798 438.004 -31.8368
-0.15461 0.918814 0.363149
264.798 443.004 23.3218
-0.15461 0.918814 -0.363149
264.798 443.004 -23.3218
0.0561284 -0.965571 0.254013
269.798 263.004 16.3129
0.0561284 -0.965571 -0.254013
269.798 263.004 -16.3129
0.0743264 -0.923789 0.375618
269.798 268.004 24.1225
0.0743264 -0.923789 -0.375618
269.798 268.004 -24.1225
0.0781818 -0.882759 0.463275
269.798 273.004 29.7519
0.0781818 -0.882759 -0.463275
269.798 273.004 -29.7519
-0.22099 0.88638 0.40681
269.798 443.004 26.1257
-0.22099 0.88638 -0.40681
269.798 443.004 -26.1257
-0.365462 0.916673 0.161703
269.798 448.004 10.3847
-0.365462 0.916673 -0.161703
269.798 448.004 -10.3847
0.106318 -0.962174 0.250832
274.798 263.004 16.1087
0.106318 -0.962174 -0.250832
274.798 263.004 -16.1087
0.111051 -0.922333 0.370094
274.798 268.004 23.7677
0.111051 -0.922333 -0.370094
274.798 268.004 -23.7677
0.104679 -0.883251 0.457066
274.798 273.004 29.3532
0.104679 -0.883251 -0.457066
274.798 273.004 -29.3532
-0.2509 0.854669 0.454522
274.798 443.004 29.1898
-0.2509 0.854669 -0.454522
274.798 443.004 -29.1898
-0.367729 0.877561 0.307674
274.798 448.004 19.7591
-0.367729 0.877561 -0.307674
274.798 448.004 -19.7591
0.185629 -0.955661 0.228591
279.798 263.004 14.6803
0.185629 -0.955661 -0.228591
279.798 263.004 -14.6803
0.155197 -0.921669 0.355583
279.798 268.004 22.8359
0.155197 -0.921669 -0.355583
279.798 268.004 -22.8359
0.132443 -0.885198 0.445964
279.798 273.004 28.6402
0.132443 -0.885198 -0.445964
279.798 273.004 -28.6402
-0.352207 0.848311 0.395372
279.798 448.004 25.3911
-0.352207 0.848311 -0.395372
279.798 448.004 -25.3911
-0.495562 0.851372 0.172
279.798 453.004 11.046
-0.495562 0.851372 -0.172
279.798 453.004 -11.046
0.242512 -0.952522 0.184094
284.798 263.004 11.8227
0.242512 -0.952522 -0.184094
284.798 263.004 -11.8227
0.191489 -0.924243 0.330313
284.798 268.004 21.213
0.191489 -0.924243 -0.330313
284.798 268.004 -21.213
0.154054 -0.889789 0.429585
284.798 273.004 27.5883
0.154054 -0.889789 -0.429585
284.798 273.004 -27.5883
-0.311982 0.829966 0.462411
284.798 448.004 29.6964
-0.311982 0.829966 -0.462411
284.798 448.004 -29.6964
-0.420464 0.842932 0.335672
284.798 453.004 21.5572
-0.420464 0.842932 -0.335672
284.798 453.004 -21.5572
0.274374 -0.952355 0.133188
289.798 263.004 8.55347
0.274374 -0.952355 -0.133188
289.798 263.004 -8.55347
0.20612 -0.93226 0.29733
289.798 268.004 19.0948
0.20612 -0.93226 -0.29733
289.798 268.004 -19.0948
0.161941 -0.897693 0.409783
289.798 273.004 26.3166
0.161941 -0.897693 -0.409783
289.798 273.004 -26.3166
0.137282 -0.85699 0.496712
289.798 278.004 31.8993
0.137282 -0.85699 -0.496712
289.798 278.004 -31.8993
-0.341706 0.839463 0.422538
289.798 453.004 27.1358
-0.341706 0.839463 -0.422538
289.798 453.004 -27.1358
-0.439281 0.856438 0.271193
289.798 458.004 17.4163
-0.439281 0.856438 -0.271193
289.798 458.004 -17.4163
0.185032 -0.94673 0.263562
294.798 268.004 16.9262
0.185032 -0.94673 -0.263562
294.798 268.004 -16.9262
0.151654 -0.908266 0.389942
294.798 273.004 25.0424
0.151654 -0.908266 -0.389942
294.798 273.004 -25.0424
0.133457 -0.864643 0.484336
294.798 278.004 31.1045
0.133457 -0.864643 -0.484336
294.798 278.004 -31.1045
-0.253127 0.838328 0.482838
294.798 453.004 31.0083
-0.253127 0.838328 -0.482838
294.798 453.004 -31.0083
-0.335745 0.86627 0.369934
294.798 458.004 23.7575
-0.335745 0.86627 -0.369934
294.798 458.004 -23.7575
-0.387179 0.903613 0.183237
294.798 463.004 11.7677
-0.387179 0.903613 -0.183237
294.798 463.004 -11.7677
0.138709 -0.962441 0.233381
299.798 268.004 14.9879
0.138709 -0.962441 -0.233381
299.798 268.004 -14.9879
0.127575 -0.91877 0.373614
299.798 273.004 23.9938
0.127575 -0.91877 -0.373614
299.798 273.004 -23.9938
0.121523 -0.871851 0.474456
299.798 278.004 30.4699
0.121523 -0.871851 -0.474456
299.798 278.004 -30.4699
-0.216178 0.874604 0.433975
299.798 458.004 27.8703
-0.216178 0.874604 -0.433975
299.798 458.004 -27.8703
-0.272739 0.922594 0.272826
299.798 463.004 17.5211
-0.272739 0.922594 -0.272826
299.798 463.004 -17.5211
0.0930838 -0.972232 0.214711
304.798 268.004 13.7889
0.0930838 -0.972232 -0.214711
304.798 268.004 -13.7889
0.0986475 -0.926427 0.363319
304.798 273.004 23.3327
0.0986475 -0.926427 -0.363319
304.798 273.004 -23.3327
0.10579 -0.877204 0.468317
304.798 278.004 30.0757
0.10579 -0.877204 -0.468317
304.798 278.004 -30.0757
-0.0895002 0.875677 0.474531
304.798 458.004 30.4748
-0.0895002 0.875677 -0.474531
304.798 458.004 -30.4748
-0.149479 0.928228 0.340659
304.798 463.004 21.8774
-0.149479 0.928228 -0.340659
304.798 463.004 -21.8774
0.047835 -0.977701 0.204482
309.798 268.004 13.132
0.047835 -0.977701 -0.204482
309.798 268.004 -13.132
0.0725765 -0.930616 0.35873
309.798 273.004 23.038
0.0725765 -0.930616 -0.35873
309.798 273.004 -23.038
0.0907532 -0.88009 0.466053
309.798 278.004 29.9303
0.0907532 -0.88009 -0.466053
309.798 278.004 -29.9303
0.052643 0.868673 0.492582
309.798 458.004 31.634
0.052643 0.868673 -0.492582
309.798 458.004 -31.634
0.0158611 0.925482 0.37846
309.798 463.004 24.305
0.0158611 0.925482 -0.37846
309.798 463.004 -24.305
0.0270111 -0.979149 0.201341
314.798 268.004 12.9303
0.0270111 -0.979149 -0.201341
314.798 268.004 -12.9303
0.0551006 -0.931908 0.358484
314.798 273.004 23.0222
0.0551006 -0.931908 -0.358484
314.798 273.004 -23.0222
0.0794215 -0.880632 0.467096
314.798 278.004 29.9973
0.0794215 -0.880632 -0.467096
314.798 278.004 -29.9973
0.213374 0.850776 0.480263
314.798 458.004 30.8429
0.213374 0.850776 -0.480263
314.798 458.004 -30.8429
0.207763 0.903239 0.375491
314.798 463.004 24.1143
0.207763 0.903239 -0.375491
314.798 463.004 -24.1143
0.015396 -0.979206 0.202285
319.798 268.004 12.9909
0.015396 -0.979206 -0.202285
319.798 268.004 -12.9909
0.0447439 -0.931405 0.361225
319.798 273.004 23.1982
0.0447439 -0.931405 -0.361225
319.798 273.004 -23.1982
0.0723639 -0.879273 0.470788
319.798 278.004 30.2344
0.0723639 -0.879273 -0.470788
319.798 278.004 -30.2344
0.315057 0.811935 0.491427
319.798 453.004 31.5598
0.315057 0.811935 -0.491427
319.798 453.004 -31.5598
0.382944 0.822538 0.420457
319.798 458.004 27.0021
0.382944 0.822538 -0.420457
319.798 458.004 -27.0021
0.468361 0.8383 0.279091
319.798 463.004 17.9235
0.468361 0.8383 -0.279091
319.798 463.004 -17.9235
0.0113944 -0.978747 0.204754
324.798 268.004 13.1495
0.0113944 -0.978747 -0.204754
324.798 268.004 -13.1495
0.0386672 -0.929774 0.366095
324.798 273.004 23.5109
0.0386672 -0.929774 -0.366095
324.798 273.004 -23.5109
0.0686954 -0.876335 0.476779
324.798 278.004 30.6191
0.0686954 -0.876335 -0.476779
324.798 278.004 -30.6191
0.332074 0.802788 0.495235
324.798 448.004 31.8044
0.332074 0.802788 -0.495235
324.798 448.004 -31.8044
0.402675 0.815672 0.415369
324.798 453.004 26.6754
0.402675 0.815672 -0.415369
324.798 453.004 -26.6754
0.511748 0.806034 0.297361
324.798 458.004 19.0968
0.511748 0.806034 -0.297361
324.798 458.004 -19.0968
0.00540914 -0.97792 0.208911
329.798 268.004 13.4165
0.00540914 -0.97792 -0.208911
329.798 268.004 -13.4165
0.0330235 -0.927081 0.373405
329.798 273.004 23.9804
0.0330235 -0.927081 -0.373405
329.798 273.004 -23.9804
0.0672321 -0.871788 0.485247
329.798 278.004 31.163
0.0672321 -0.871788 -0.485247
329.798 278.004 -31.163
0.359737 0.824994 0.43586
329.798 448.004 27.9913
0.359737 0.824994 -0.43586
329.798 448.004 -27.9913
0.434869 0.842598 0.317674
329.798 453.004 20.4013
0.434869 0.842598 -0.317674
329.798 453.004 -20.4013
-0.00886609 -0.976307 0.216207
334.798 268.004 13.885
-0.00886609 -0.976307 -0.216207
334.798 268.004 -13.885
0.0257278 -0.922785 0.384457
334.798 273.004 24.6901
0.0257278 -0.922785 -0.384457
334.798 273.004 -24.6901
0.0677759 -0.865213 0.496802
334.798 278.004 31.9051
0.0677759 -0.865213 -0.496802
334.798 278.004 -31.9051
0.333863 0.81334 0.47646
334.798 443.004 30.5987
0.333863 0.81334 -0.47646
334.798 443.004 -30.5987
0.348289 0.857667 0.378288
334.798 448.004 24.294
0.348289 0.857667 -0.378288
334.798 448.004 -24.294
0.36757 0.902899 0.222858
334.798 453.004 14.3121
0.36757 0.902899 -0.222858
334.798 453.004 -14.3121
-0.0320657 -0.972387 0.231162
339.798 268.004 14.8454
-0.0320657 -0.972387 -0.231162
339.798 268.004 -14.8454
0.0178527 -0.915819 0.401195
339.798 273.004 25.7651
0.0178527 -0.915819 -0.401195
339.798 273.004 -25.7651
0.336589 0.832894 0.439313
339.798 443.004 28.2131
0.336589 0.832894 -0.439313
339.798 443.004 -28.2131
0.319342 0.889459 0.32693
339.798 448.004 20.9957
0.319342 0.889459 -0.32693
339.798 448.004 -20.9957
0.284971 0.943861 0.167089
339.798 453.004 10.7306
0.284971 0.943861 -0.167089
339.798 453.004 -10.7306
-0.0614109 -0.964426 0.257119
344.798 268.004 16.5124
-0.0614109 -0.964426 -0.257119
344.798 268.004 -16.5124
0.0163101 -0.905361 0.424329
344.798 273.004 27.2507
0.0163101 -0.905361 -0.424329
344.798 273.004 -27.2507
0.364184 0.791568 0.490704
344.798 438.004 31.5135
0.364184 0.791568 -0.490704
344.798 438.004 -31.5135
0.346421 0.846632 0.403988
344.798 443.004 25.9445
0.346421 0.846632 -0.403988
344.798 443.004 -25.9445
0.30937 0.909293 0.278347
344.798 448.004 17.8757
0.30937 0.909293 -0.278347
344.798 448.004 -17.8757
-0.0633413 -0.953458 0.294798
349.798 268.004 18.9322
-0.0633413 -0.953458 -0.294798
349.798 268.004 -18.9322
0.0320204 -0.891364 0.452155
349.798 273.004 29.0378
0.0320204 -0.891364 -0.452155
349.798 273.004 -29.0378
0.391108 0.798269 0.45804
349.798 438.004 29.4157
0.391108 0.798269 -0.45804
349.798 438.004 -29.4157
0.371808 0.85374 0.364536
349.798 443.004 23.4108
0.371808 0.85374 -0.364536
349.798 443.004 -23.4108
0.345977 0.913744 0.213006
349.798 448.004 13.6794
0.345977 0.913744 -0.213006
349.798 448.004 -13.6794
-0.0360525 -0.940319 0.338378
354.798 268.004 21.7309
-0.0360525 -0.940319 -0.338378
354.798 268.004 -21.7309
0.0722422 -0.87422 0.480125
354.798 273.004 30.8341
0.0722422 -0.87422 -0.480125
354.798 273.004 -30.8341
0.437135 0.7499 0.496551
354.798 433.004 31.8889
0.437135 0.7499 -0.496551
354.798 433.004 -31.8889
0.425556 0.802061 0.419047
354.798 438.004 26.9116
0.425556 0.802061 -0.419047
354.798 438.004 -26.9116
0.407955 0.85723 0.314213
354.798 443.004 20.179
0.407955 0.85723 -0.314213
354.798 443.004 -20.179
0.386592 0.916334 0.104303
354.798 448.004 6.69841
0.386592 0.916334 -0.104303
354.798 448.004 -6.69841
0.0396148 -0.927063 0.372806
359.798 268.004 23.9419
0.0396148 -0.927063 -0.372806
359.798 268.004 -23.9419
0.142243 -0.854264 0.5
359.798 273.004 32.1104
0.142243 -0.854264 -0.5
359.798 273.004 -32.1104
0.475151 0.752883 0.45541
359.798 433.004 29.2469
0.475151 0.752883 -0.45541
359.798 433.004 -29.2469
0.466769 0.803432 0.369627
359.798 438.004 23.7378
0.466769 0.803432 -0.369627
359.798 438.004 -23.7378
0.452083 0.858275 0.242868
359.798 443.004 15.5972
0.452083 0.858275 -0.242868
359.798 443.004 -15.5972
0.15463 -0.911443 0.381263
364.798 268.004 24.485
0.15463 -0.911443 -0.381263
364.798 268.004 -24.485
0.516813 0.708627 0.480367
364.798 428.004 30.8496
0.516813 0.708627 -0.480367
364.798 428.004 -30.8496
0.516636 0.755412 0.403038
364.798 433.004 25.8835
0.516636 0.755412 -0.403038
364.798 433.004 -25.8835
0.516389 0.801009 0.302864
364.798 438.004 19.4502
0.516389 0.801009 -0.302864
364.798 438.004 -19.4502
0.494063 0.864071 0.0963484
364.798 443.004 6.18758
0.494063 0.864071 -0.0963484
364.798 443.004 -6.18758
0.306072 -0.884481 0.352156
369.798 268.004 22.6158
0.306072 -0.884481 -0.352156
369.798 268.004 -22.6158
0.358126 -0.803456 0.475609
369.798 273.004 30.544
0.358126 -0.803456 -0.475609
369.798 273.004 -30.544
0.552004 0.716352 0.426768
369.798 428.004 27.4074
0.552004 0.716352 -0.426768
369.798 428.004 -27.4074
0.557684 0.759964 0.33383
369.798 433.004 21.4389
0.557684 0.759964 -0.33383
369.798 433.004 -21.4389
0.567597 0.795623 0.211701
369.798 438.004 13.5956
0.567597 0.795623 -0.211701
369.798 438.004 -13.5956
0.465587 -0.848574 0.2513
374.798 268.004 16.1387
0.465587 -0.848574 -0.2513
374.798 268.004 -16.1387
0.48224 -0.774839 0.40874
374.798 273.004 26.2496
0.48224 -0.774839 -0.40874
374.798 273.004 -26.2496
0.58087 0.679002 0.448939
374.798 423.004 28.8312
0.58087 0.679002 -0.448939
374.798 423.004 -28.8312
0.582457 0.728784 0.360024
374.798 428.004 23.121
0.582457 0.728784 -0.360024
374.798 428.004 -23.121
0.593633 0.77019 0.233251
374.798 433.004 14.9796
0.593633 0.77019 -0.233251
374.798 433.004 -14.9796
0.601368 -0.748216 0.280231
379.798 273.004 17.9967
0.601368 -0.748216 -0.280231
379.798 273.004 -17.9967
0.609118 -0.672952 0.419655
379.798 278.004 26.9506
0.609118 -0.672952 -0.419655
379.798 278.004 -26.9506
0.627679 -0.597593 0.498901
379.798 283.004 32.0399
0.627679 -0.597593 -0.498901
379.798 283.004 -32.0399
0.613943 0.634093 0.470106
379.798 418.004 30.1906
0.613943 0.634093 -0.470106
379.798 418.004 -30.1906
0.605721 0.695262 0.386927
379.798 423.004 24.8488
0.605721 0.695262 -0.386927
379.798 423.004 -24.8488
0.603862 0.748539 0.273936
379.798 428.004 17.5924
0.603862 0.748539 -0.273936
379.798 428.004 -17.5924
0.69649 -0.653573 0.296217
384.798 278.004 19.0233
0.69649 -0.653573 -0.296217
384.798 278.004 -19.0233
0.715974 -0.565808 0.408952
384.798 283.004 26.2633
0.715974 -0.565808 -0.408952
384.798 283.004 -26.2633
0.738135 -0.48167 0.472389
384.798 288.004 30.3372
0.738135 -0.48167 -0.472389
384.798 288.004 -30.3372
0.657121 0.576864 0.485201
384.798 413.004 31.16
0.657121 0.576864 -0.485201
384.798 413.004 -31.16
0.642606 0.646824 0.410703
384.798 418.004 26.3757
0.642606 0.646824 -0.410703
384.798 418.004 -26.3757
0.627437 0.714876 0.308666
384.798 423.004 19.8228
0.627437 0.714876 -0.308666
384.798 423.004 -19.8228
0.607142 0.78643 0.113604
384.798 428.004 7.29572
0.607142 0.78643 -0.113604
384.798 428.004 -7.29572
0.810929 -0.528717 0.250705
389.798 283.004 16.1005
0.810929 -0.528717 -0.250705
389.798 283.004 -16.1005
0.829633 -0.427613 0.358964
389.798 288.004 23.053
0.829633 -0.427613 -0.358964
389.798 288.004 -23.053
0.846992 -0.34746 0.402339
389.798 293.004 25.8386
0.846992 -0.34746 -0.402339
389.798 293.004 -25.8386
0.85469 -0.304345 0.42057
389.798 298.004 27.0094
0.85469 -0.304345 -0.42057
389.798 298.004 -27.0094
0.855942 -0.283751 0.43226
389.798 303.004 27.7601
0.855942 -0.283751 -0.43226
389.798 303.004 -27.7601
0.852574 -0.275566 0.44405
389.798 308.004 28.5173
0.852574 -0.275566 -0.44405
389.798 308.004 -28.5173
0.84666 -0.270147 0.458461
389.798 313.004 29.4428
0.84666 -0.270147 -0.458461
389.798 313.004 -29.4428
0.840284 -0.260681 0.475361
389.798 318.004 30.5281
0.840284 -0.260681 -0.475361
389.798 318.004 -30.5281
0.834588 -0.245227 0.493281
389.798 323.004 31.6789
0.834588 -0.245227 -0.493281
389.798 323.004 -31.6789
0.708878 0.507559 0.489771
389.798 408.004 31.4536
0.708878 0.507559 -0.489771
389.798 408.004 -31.4536
0.692293 0.584581 0.423079
389.798 413.004 27.1705
0.692293 0.584581 -0.423079
389.798 413.004 -27.1705
0.674486 0.659265 0.332322
389.798 418.004 21.342
0.674486 0.659265 -0.332322
389.798 418.004 -21.342
0.652427 0.728382 0.20928
389.798 423.004 13.4402
0.652427 0.728382 -0.20928
389.798 423.004 -13.4402
0.90514 -0.358447 0.228556
394.798 288.004 14.6781
0.90514 -0.358447 -0.228556
394.798 288.004 -14.6781
0.934398 -0.263879 0.239308
394.798 293.004 15.3686
0.934398 -0.263879 -0.239308
394.798 293.004 -15.3686
0.935795 -0.234499 0.263244
394.798 298.004 16.9058
0.935795 -0.234499 -0.263244
394.798 298.004 -16.9058
0.929706 -0.23198 0.286064
394.798 303.004 18.3713
0.929706 -0.23198 -0.286064
394.798 303.004 -18.3713
0.918118 -0.246623 0.310218
394.798 308.004 19.9225
0.918118 -0.246623 -0.310218
394.798 308.004 -19.9225
0.904674 -0.260104 0.337505
394.798 313.004 21.6749
0.904674 -0.260104 -0.337505
394.798 313.004 -21.6749
0.89315 -0.260224 0.366832
394.798 318.004 23.5583
0.89315 -0.260224 -0.366832
394.798 318.004 -23.5583
0.884286 -0.249073 0.394971
394.798 323.004 25.3654
0.884286 -0.249073 -0.394971
394.798 323.004 -25.3654
0.877719 -0.229669 0.420549
394.798 328.004 27.008
0.877719 -0.229669 -0.420549
394.798 328.004 -27.008
0.872875 -0.204342 0.443095
394.798 333.004 28.4559
0.872875 -0.204342 -0.443095
394.798 333.004 -28.4559
0.869157 -0.175296 0.462426
394.798 338.004 29.6974
0.869157 -0.175296 -0.462426
394.798 338.004 -29.6974
0.866187 -0.143774 0.478591
394.798 343.004 30.7355
0.866187 -0.143774 -0.478591
394.798 343.004 -30.7355
0.863768 -0.11069 0.491582
394.798 348.004 31.5698
0.863768 -0.11069 -0.491582
394.798 348.004 -31.5698
0.769427 0.421462 0.47995
394.798 403.004 30.8228
0.769427 0.421462 -0.47995
394.798 403.004 -30.8228
0.748436 0.511155 0.422567
394.798 408.004 27.1376
0.748436 0.511155 -0.422567
394.798 408.004 -27.1376
0.729864 0.594974 0.336608
394.798 413.004 21.6172
0.729864 0.594974 -0.336608
394.798 413.004 -21.6172
0.72047 0.667518 0.187995
394.798 418.004 12.0732
0.72047 0.667518 -0.187995
394.798 418.004 -12.0732
0.947304 -0.266404 0.177889
399.798 313.004 11.4242
0.947304 -0.266404 -0.177889
399.798 313.004 -11.4242
0.937541 -0.270799 0.218369
399.798 318.004 14.0239
0.937541 -0.270799 -0.218369
399.798 318.004 -14.0239
0.928848 -0.261316 0.262593
399.798 323.004 16.8639
0.928848 -0.261316 -0.262593
399.798 323.004 -16.8639
0.922172 -0.241348 0.302241
399.798 328.004 19.4102
0.922172 -0.241348 -0.302241
399.798 328.004 -19.4102
0.917572 -0.213544 0.33535
399.798 333.004 21.5365
0.917572 -0.213544 -0.33535
399.798 333.004 -21.5365
0.913917 -0.183236 0.362189
399.798 338.004 23.2601
0.913917 -0.183236 -0.362189
399.798 338.004 -23.2601
0.910994 -0.150558 0.383956
399.798 343.004 24.658
0.910994 -0.150558 -0.383956
399.798 343.004 -24.658
0.908894 -0.115554 0.400698
399.798 348.004 25.7332
0.908894 -0.115554 -0.400698
399.798 348.004 -25.7332
0.907398 -0.0806573 0.41246
399.798 353.004 26.4885
0.907398 -0.0806573 -0.41246
399.798 353.004 -26.4885
0.905984 -0.0497719 0.420376
399.798 358.004 26.9969
0.905984 -0.0497719 -0.420376
399.798 358.004 -26.9969
0.903976 -0.0245991 0.426875
399.798 363.004 27.4143
0.903976 -0.0245991 -0.426875
399.798 363.004 -27.4143
0.900691 -0.00295787 0.43445
399.798 368.004 27.9007
0.900691 -0.00295787 -0.43445
399.798 368.004 -27.9007
0.895745 0.0210524 0.444069
399.798 373.004 28.5185
0.895745 0.0210524 -0.444069
399.798 373.004 -28.5185
0.889334 0.0545656 0.453991
399.798 378.004 29.1557
0.889334 0.0545656 -0.453991
399.798 378.004 -29.1557
0.881659 0.100619 0.461035
399.798 383.004 29.6081
0.881659 0.100619 -0.461035
399.798 383.004 -29.6081
0.872245 0.157832 0.462901
399.798 388.004 29.7279
0.872245 0.157832 -0.462901
399.798 388.004 -29.7279
0.859793 0.226227 0.457796
399.798 393.004 29.4001
0.859793 0.226227 -0.457796
399.798 393.004 -29.4001
0.84233 0.309706 0.441093
399.798 398.004 28.3274
0.84233 0.309706 -0.441093
399.798 398.004 -28.3274
0.817895 0.41058 0.403077
399.798 403.004 25.886
0.817895 0.41058 -0.403077
399.798 403.004 -25.886
0.789182 0.519938 0.326888
399.798 408.004 20.993
0.789182 0.519938 -0.326888
399.798 408.004 -20.993
0.763217 0.609123 0.215566
399.798 413.004 13.8438
0.763217 0.609123 -0.215566
399.798 413.004 -13.8438
0.959763 -0.255077 0.11743
404.798 328.004 7.54143
0.959763 -0.255077 -0.11743
404.798 328.004 -7.54143
0.960941 -0.218566 0.169767
404.798 333.004 10.9026
0.960941 -0.218566 -0.169767
404.798 333.004 -10.9026
0.956988 -0.193671 0.216023
404.798 338.004 13.8732
0.956988 -0.193671 -0.216023
404.798 338.004 -13.8732
0.954747 -0.158599 0.251602
404.798 343.004 16.1581
0.954747 -0.158599 -0.251602
404.798 343.004 -16.1581
0.953326 -0.120531 0.276844
404.798 348.004 17.7792
0.953326 -0.120531 -0.276844
404.798 348.004 -17.7792
0.95295 -0.0786732 0.29274
404.798 353.004 18.8
0.95295 -0.0786732 -0.29274
404.798 353.004 -18.8
0.952516 -0.0470684 0.300827
404.798 358.004 19.3194
0.952516 -0.0470684 -0.300827
404.798 358.004 -19.3194
0.95153 -0.028107 0.306269
404.798 363.004 19.6689
0.95153 -0.028107 -0.306269
404.798 363.004 -19.6689
0.949163 -0.019938 0.314154
404.798 368.004 20.1752
0.949163 -0.019938 -0.314154
404.798 368.004 -20.1752
0.944804 -0.0122109 0.327409
404.798 373.004 21.0265
0.944804 -0.0122109 -0.327409
404.798 373.004 -21.0265
0.939618 0.0130419 0.341975
404.798 378.004 21.9619
0.939618 0.0130419 -0.341975
404.798 378.004 -21.9619
0.934408 0.0601789 0.351084
404.798 383.004 22.5469
0.934408 0.0601789 -0.351084
404.798 383.004 -22.5469
0.928378 0.118629 0.352195
404.798 388.004 22.6183
0.928378 0.118629 -0.352195
404.798 388.004 -22.6183
0.920189 0.182713 0.34622
404.798 393.004 22.2346
0.920189 0.182713 -0.34622
404.798 393.004 -22.2346
0.90573 0.26985 0.326854
404.798 398.004 20.9908
0.90573 0.26985 -0.326854
404.798 398.004 -20.9908
0.88273 0.379293 0.277352
404.798 403.004 17.8118
0.88273 0.379293 -0.277352
404.798 403.004 -17.8118
0.831526 0.544203 0.111391
404.798 408.004 7.1536
0.831526 0.544203 -0.111391
404.798 408.004 -7.1536
0.997119 -0.0308047 0.0693199
409.798 358.004 4.45178
0.997119 -0.0308047 -0.0693199
409.798 358.004 -4.45178
0.997257 -0.0184241 0.0716872
409.798 363.004 4.60381
0.997257 -0.0184241 -0.0716872
409.798 363.004 -4.60381
0.99636 -0.0349574 0.0777533
409.798 368.004 4.99338
0.99636 -0.0349574 -0.0777533
409.798 368.004 -4.99338
0.992899 -0.0671389 0.0982024
409.798 373.004 6.30664
0.992899 -0.0671389 -0.0982024
409.798 373.004 -6.30664
0.990906 -0.0505303 0.124705
409.798 378.004 8.00869
0.990906 -0.0505303 -0.124705
409.798 378.004 -8.00869
0.991003 0.0169243 0.132765
409.798 383.004 8.52631
0.991003 0.0169243 -0.132765
409.798 383.004 -8.52631
0.989021 0.0884777 0.118364
409.798 388.004 7.60146
0.989021 0.0884777 -0.118364
409.798 388.004 -7.60146
0.989209 0.11949 0.0847848
409.798 393.004 5.44495
0.989209 0.11949 -0.0847848
409.798 393.004 -5.44495
0
