3
66
217.289 213.872 30
212.311 214.34 30
207.332 214.746 30
202.336 214.537 30
197.352 214.223 30
192.422 213.388 30
187.52 212.43 30
182.722 211.025 30
177.966 209.498 30
173.352 207.574 30
168.787 205.544 30
164.401 203.144 30
160.064 200.664 30
155.945 197.829 30
151.867 194.941 30
148.058 191.702 30
144.27 188.441 30
140.813 184.829 30
137.356 181.217 30
134.292 177.266 30
131.235 173.309 30
128.588 169.071 30
125.984 164.802 30
123.799 160.31 30
121.706 155.769 30
120.029 151.067 30
118.507 146.304 30
117.376 141.443 30
116.478 136.525 30
115.916 131.568 30
115.684 126.573 30
115.684 121.584 30
116.141 116.605 30
117.036 112.038 30
121.981 111.297 30
126.937 110.689 30
131.936 110.587 30
136.922 110.752 30
141.89 111.319 30
146.778 112.317 30
151.623 113.553 30
156.276 115.376 30
160.856 117.364 30
165.209 119.823 30
169.413 122.513 30
173.433 125.486 30
177.213 128.748 30
180.869 132.159 30
184.219 135.865 30
187.499 139.639 30
190.443 143.678 30
193.348 147.747 30
195.927 152.029 30
198.467 156.335 30
200.727 160.793 30
202.917 165.288 30
204.903 169.873 30
206.76 174.515 30
208.515 179.195 30
210.055 183.951 30
211.596 188.708 30
212.858 193.545 30
214.1 198.389 30
215.218 203.26 30
216.176 208.167 30
217.134 213.075 30
154
0.0937037 0.9956 0
217.289 213.872 30
0.0937037 0.9956 0
212.311 214.34 30
-0.0419003 0.999122 0
207.332 214.746 30
-0.0419009 0.999122 0
202.336 214.537 30
-0.166992 0.985958 0
197.352 214.223 30
-0.166992 0.985958 0
192.422 213.388 30
-0.2811 0.959679 0
187.52 212.43 30
-0.281096 0.95968 0
182.722 211.025 30
-0.384947 0.922939 0
177.966 209.498 30
-0.384965 0.922931 0
173.352 207.574 30
-0.479857 0.877347 0
168.787 205.544 30
-0.479845 0.877353 0
164.401 203.144 30
-0.567093 0.823654 0
160.064 200.664 30
-0.567082 0.823661 0
155.945 197.829 30
-0.647733 0.761868 0
151.867 194.941 30
-0.64774 0.761861 0
148.058 191.702 30
-0.72247 0.691403 0
144.27 188.441 30
-0.72247 0.691403 0
140.813 184.829 30
-0.722477 0.691395 0
137.356 181.217 30
-0.791353 0.61136 0
134.292 177.266 30
-0.791353 0.61136 0
131.235 173.309 30
-0.853754 0.520677 0
128.588 169.071 30
-0.853754 0.520677 0
125.984 164.802 30
-0.908223 0.418486 0
123.799 160.31 30
-0.908222 0.418489 0
121.706 155.769 30
-0.952505 0.304522 0
120.029 151.067 30
-0.952506 0.304519 0
118.507 146.304 30
-0.983732 0.179641 0
117.376 141.443 30
-0.983732 0.179641 0
116.478 136.525 30
-0.998931 0.0462341 0
115.916 131.568 30
-0.99893 0.0462417 0
115.684 126.573 30
-0.995802 -0.0915373 0
115.684 121.584 30
-0.995801 -0.0915455 0
116.141 116.605 30
-0.148215 -0.988955 0
117.036 112.038 30
-0.148215 -0.988955 0
121.981 111.297 30
-0.0203094 -0.999794 0
126.937 110.689 30
-0.0203094 -0.999794 0
131.936 110.587 30
0.113374 -0.993552 0
136.922 110.752 30
0.113388 -0.993551 0
141.89 111.319 30
0.247146 -0.968978 0
146.778 112.317 30
0.247148 -0.968978 0
151.623 113.553 30
0.374987 -0.92703 0
156.276 115.376 30
0.49188 -0.870663 0
160.856 117.364 30
0.491884 -0.870661 0
165.209 119.823 30
0.594677 -0.803965 0
169.413 122.513 30
0.594677 -0.803965 0
173.433 125.486 30
0.682169 -0.731195 0
177.213 128.748 30
0.682168 -0.731195 0
180.869 132.159 30
0.754786 -0.655971 0
184.219 135.865 30
0.754786 -0.655971 0
187.499 139.639 30
0.813912 -0.580988 0
190.443 143.678 30
0.813912 -0.580988 0
193.348 147.747 30
0.861366 -0.507985 0
195.927 152.029 30
0.861359 -0.507996 0
198.467 156.335 30
0.898988 -0.437974 0
200.727 160.793 30
0.898991 -0.437968 0
202.917 165.288 30
0.9285 -0.371333 0
204.903 169.873 30
0.928498 -0.371338 0
206.76 174.515 30
0.951333 -0.308164 0
208.515 179.195 30
0.951332 -0.308169 0
210.055 183.951 30
0.951333 -0.308164 0
211.596 188.708 30
0.968674 -0.248337 0
212.858 193.545 30
0.968674 -0.248337 0
214.1 198.389 30
0.981475 -0.191589 0
215.218 203.26 30
0.981475 -0.191589 0
216.176 208.167 30
0.981475 -0.191589 0
217.134 213.075 30
-0.888838 0.150327 0.43286
120.531 140.526 32.2024
-0.888838 0.150327 -0.43286
120.531 140.526 27.7976
-0.908965 0.2577 0.327678
120.531 145.526 31.6672
-0.908965 0.2577 -0.327678
120.531 145.526 28.3328
-0.944177 0.302301 0.130936
120.531 150.526 30.6662
-0.944177 0.302301 -0.130936
120.531 150.526 29.3338
-0.832985 0.352484 0.426487
125.531 155.526 32.1699
-0.832985 0.352484 -0.426487
125.531 155.526 27.8301
-0.871619 0.4145 0.261667
125.531 160.526 31.3313
-0.871619 0.4145 -0.261667
125.531 160.526 28.6687
-0.781478 0.46623 0.414635
130.531 165.526 32.1096
-0.781478 0.46623 -0.414635
130.531 165.526 27.8904
-0.796295 0.532693 0.286621
130.531 170.526 31.4583
-0.796295 0.532693 -0.286621
130.531 170.526 28.5417
-0.711863 0.507232 0.485764
135.531 170.526 32.4715
-0.711863 0.507232 -0.485764
135.531 170.526 27.5285
-0.75355 0.587633 0.294704
135.531 175.526 31.4994
-0.75355 0.587633 -0.294704
135.531 175.526 28.5006
-0.683484 0.632695 0.36407
140.531 180.526 31.8524
-0.683484 0.632695 -0.36407
140.531 180.526 28.1476
0.172611 -0.885475 0.431439
145.531 115.526 32.1951
0.172611 -0.885475 -0.431439
145.531 115.526 27.8049
-0.659331 0.655073 0.369001
145.531 185.526 31.8775
-0.659331 0.655073 -0.369001
145.531 185.526 28.1225
0.239323 -0.914401 0.326488
150.531 115.526 31.6612
0.239323 -0.914401 -0.326488
150.531 115.526 28.3388
-0.610082 0.714117 0.343274
150.531 190.526 31.7466
-0.610082 0.714117 -0.343274
150.531 190.526 28.2534
0.368125 -0.920048 0.134152
155.531 115.526 30.6826
0.368125 -0.920048 -0.134152
155.531 115.526 29.3174
-0.559297 0.770473 0.305874
155.531 195.526 31.5563
-0.559297 0.770473 -0.305874
155.531 195.526 28.4437
0.427454 -0.819138 0.382487
160.531 120.526 31.9461
0.427454 -0.819138 -0.382487
160.531 120.526 28.0539
-0.486495 0.734379 0.473298
160.531 195.526 32.4081
-0.486495 0.734379 -0.473298
160.531 195.526 27.5919
-0.563531 0.821619 0.085874
160.531 200.526 30.4369
-0.563531 0.821619 -0.085874
160.531 200.526 29.5631
0.489916 -0.861882 0.130924
165.531 120.526 30.6661
0.489916 -0.861882 -0.130924
165.531 120.526 29.3339
0.470778 -0.745047 0.472517
165.531 125.526 32.4041
0.470778 -0.745047 -0.472517
165.531 125.526 27.5959
-0.450468 0.810511 0.374367
165.531 200.526 31.9048
-0.450468 0.810511 -0.374367
165.531 200.526 28.0952
0.556965 -0.765926 0.321167
170.531 125.526 31.6341
0.556965 -0.765926 -0.321167
170.531 125.526 28.3659
-0.437013 0.859166 0.266185
170.531 205.526 31.3543
-0.437013 0.859166 -0.266185
170.531 205.526 28.6457
0.628373 -0.706925 0.32466
175.531 130.526 31.6519
0.628373 -0.706925 -0.32466
175.531 130.526 28.3481
-0.343511 0.852183 0.394696
175.531 205.526 32.0082
-0.343511 0.852183 -0.394696
175.531 205.526 27.9918
0.664878 -0.656345 0.356579
180.531 135.526 31.8143
0.664878 -0.656345 -0.356579
180.531 135.526 28.1857
0.725052 -0.622161 0.295321
185.531 140.526 31.5026
0.725052 -0.622161 -0.295321
185.531 140.526 28.4974
0.690077 -0.53632 0.485957
185.531 145.526 32.4725
0.690077 -0.53632 -0.485957
185.531 145.526 27.5275
-0.243104 0.90323 0.35366
185.531 210.526 31.7994
-0.243104 0.90323 -0.35366
185.531 210.526 28.2006
0.784361 -0.564775 0.256527
190.531 145.526 31.3052
0.784361 -0.564775 -0.256527
190.531 145.526 28.6948
0.749902 -0.506718 0.425304
190.531 150.526 32.1639
0.749902 -0.506718 -0.425304
190.531 150.526 27.8361
-0.163845 0.882356 0.441137
190.531 210.526 32.2445
-0.163845 0.882356 -0.441137
190.531 210.526 27.7555
0.8114 -0.473937 0.342072
195.531 155.526 31.7404
0.8114 -0.473937 -0.342072
195.531 155.526 28.2596
0.779147 -0.408991 0.475033
195.531 160.526 32.4169
0.779147 -0.408991 -0.475033
195.531 160.526 27.5831
0.897304 -0.437515 0.0585401
200.531 160.526 30.2978
0.897304 -0.437515 -0.0585401
200.531 160.526 29.7022
0.853196 -0.401067 0.333469
200.531 165.526 31.6967
0.853196 -0.401067 -0.333469
200.531 165.526 28.3033
0.814523 -0.326943 0.47923
200.531 170.526 32.4383
0.814523 -0.326943 -0.47923
200.531 170.526 27.5617
0.900285 -0.344648 0.265905
205.531 175.526 31.3529
0.900285 -0.344648 -0.265905
205.531 175.526 28.6471
0.85879 -0.262429 0.440012
205.531 180.526 32.2388
0.85879 -0.262429 -0.440012
205.531 180.526 27.7612
0.917473 -0.2812 0.281372
210.531 185.526 31.4316
0.917473 -0.2812 -0.281372
210.531 185.526 28.5684
0.898403 -0.245463 0.364169
210.531 190.526 31.8529
0.898403 -0.245463 -0.364169
210.531 190.526 28.1471
0.85361 -0.155541 0.497149
210.531 195.526 32.5295
0.85361 -0.155541 -0.497149
210.531 195.526 27.4705
0.864743 -0.0752347 0.496547
215.531 205.526 32.5264
0.864743 -0.0752347 -0.496547
215.531 205.526 27.4736
0
