3
65
212.624 216.982 30
208.115 219.142 30
203.578 221.234 30
198.818 222.763 30
194.027 224.171 30
189.112 225.09 30
184.178 225.859 30
179.19 226.201 30
174.199 226.384 30
169.203 226.18 30
164.221 225.827 30
159.273 225.108 30
154.35 224.262 30
149.499 223.054 30
144.676 221.747 30
139.966 220.069 30
135.283 218.326 30
130.761 216.193 30
126.254 214.032 30
121.969 211.455 30
117.684 208.879 30
113.684 205.879 30
109.69 202.871 30
106.013 199.487 30
102.371 196.062 30
99.0706 192.312 30
95.8477 188.49 30
92.981 184.402 30
90.2481 180.215 30
87.8653 175.83 30
85.6919 171.327 30
83.8272 166.7 30
82.2739 161.948 30
82.6362 157.953 30
87.0204 155.549 30
91.5287 153.411 30
96.189 151.6 30
100.981 150.21 30
105.843 149.044 30
110.808 148.487 30
115.788 148.115 30
120.785 148.283 30
125.754 148.743 30
130.689 149.542 30
135.533 150.752 30
140.34 152.129 30
144.984 153.977 30
149.6 155.895 30
154.017 158.238 30
158.405 160.63 30
162.593 163.362 30
166.752 166.134 30
170.702 169.199 30
174.645 172.273 30
178.355 175.625 30
182.065 178.976 30
185.574 182.537 30
189.046 186.134 30
192.384 189.853 30
195.623 193.663 30
198.813 197.511 30
201.823 201.503 30
204.834 205.495 30
207.674 209.609 30
210.461 213.76 30
165
0.432019 0.901864 0
212.624 216.982 30
0.432025 0.901862 0
208.115 219.142 30
0.305739 0.952115 0
203.578 221.234 30
0.305739 0.952115 0
198.818 222.763 30
0.183856 0.982953 0
194.027 224.171 30
0.183867 0.982951 0
189.112 225.09 30
0.0682376 0.997669 0
184.178 225.859 30
0.0682365 0.997669 0
179.19 226.201 30
-0.0407559 0.999169 0
174.199 226.384 30
-0.0407559 0.999169 0
169.203 226.18 30
-0.143707 0.98962 0
164.221 225.827 30
-0.143722 0.989618 0
159.273 225.108 30
-0.241642 0.970366 0
154.35 224.262 30
-0.241638 0.970366 0
149.499 223.054 30
-0.335616 0.941999 0
144.676 221.747 30
-0.335616 0.941999 0
139.966 220.069 30
-0.426619 0.904431 0
135.283 218.326 30
-0.426619 0.904431 0
130.761 216.193 30
-0.515221 0.857057 0
126.254 214.032 30
-0.515227 0.857054 0
121.969 211.455 30
-0.515227 0.857054 0
117.684 208.879 30
-0.601588 0.798806 0
113.684 205.879 30
-0.601588 0.798806 0
109.69 202.871 30
-0.685158 0.728394 0
106.013 199.487 30
-0.685162 0.72839 0
102.371 196.062 30
-0.764537 0.64458 0
99.0706 192.312 30
-0.764537 0.64458 0
95.8477 188.49 30
-0.837403 0.546586 0
92.981 184.402 30
-0.837406 0.546582 0
90.2481 180.215 30
-0.900588 0.434673 0
87.8653 175.83 30
-0.900593 0.434664 0
85.6919 171.327 30
-0.950523 0.310654 0
83.8272 166.7 30
-0.950523 0.310654 0
82.2739 161.948 30
-0.480767 -0.876848 0
82.6362 157.953 30
-0.480755 -0.876855 0
87.0204 155.549 30
-0.362307 -0.932059 0
91.5287 153.411 30
-0.362314 -0.932056 0
96.189 151.6 30
-0.23329 -0.972407 0
100.981 150.21 30
-0.23329 -0.972407 0
105.843 149.044 30
-0.0992288 -0.995065 0
110.808 148.487 30
0.033669 -0.999433 0
115.788 148.115 30
0.0336761 -0.999433 0
120.785 148.283 30
0.159867 -0.987139 0
125.754 148.743 30
0.159867 -0.987139 0
130.689 149.542 30
0.275465 -0.961311 0
135.533 150.752 30
0.275469 -0.96131 0
140.34 152.129 30
0.378459 -0.925618 0
144.984 153.977 30
0.468502 -0.883462 0
149.6 155.895 30
0.468491 -0.883469 0
154.017 158.238 30
0.546281 -0.837602 0
158.405 160.63 30
0.546274 -0.837607 0
162.593 163.362 30
0.613071 -0.790028 0
166.752 166.134 30
0.61308 -0.790021 0
170.702 169.199 30
0.670331 -0.742062 0
174.645 172.273 30
0.670339 -0.742055 0
178.355 175.625 30
0.670331 -0.742062 0
182.065 178.976 30
0.719493 -0.694499 0
185.574 182.537 30
0.719493 -0.694499 0
189.046 186.134 30
0.761826 -0.647782 0
192.384 189.853 30
0.761826 -0.647782 0
195.623 193.663 30
0.798434 -0.602083 0
198.813 197.511 30
0.798434 -0.602083 0
201.823 201.503 30
0.798434 -0.602083 0
204.834 205.495 30
0.830226 -0.557426 0
207.674 209.609 30
0.830231 -0.557419 0
210.461 213.76 30
-0.849317 0.250553 0.464633
86.2217 168.084 33.0527
-0.849317 0.250553 -0.464633
86.2217 168.084 26.9473
-0.80751 0.457373 0.372474
91.2217 178.084 32.4472
-0.80751 0.457373 -0.372474
91.2217 178.084 27.5528
-0.357161 -0.888128 0.289248
96.2217 153.084 31.9004
-0.357161 -0.888128 -0.289248
96.2217 153.084 28.0996
-0.749397 0.482922 0.452979
96.2217 183.084 32.9761
-0.749397 0.482922 -0.452979
96.2217 183.084 27.0239
-0.762356 0.638651 0.104585
96.2217 188.084 30.6871
-0.762356 0.638651 -0.104585
96.2217 188.084 29.3129
-0.267459 -0.861483 0.431639
101.222 153.084 32.8359
-0.267459 -0.861483 -0.431639
101.222 153.084 27.1641
-0.682085 0.538066 0.495221
101.222 188.084 33.2537
-0.682085 0.538066 -0.495221
101.222 188.084 26.7463
-0.709058 0.634991 0.306632
101.222 193.084 32.0146
-0.709058 0.634991 -0.306632
101.222 193.084 27.9854
-0.213564 -0.842511 0.494536
106.222 153.084 33.2492
-0.213564 -0.842511 -0.494536
106.222 153.084 26.7508
-0.625004 0.599486 0.499988
106.222 193.084 33.285
-0.625004 0.599486 -0.499988
106.222 193.084 26.715
-0.667167 0.709311 0.227521
106.222 198.084 31.4948
-0.667167 0.709311 -0.227521
106.222 198.084 28.5052
-0.576188 0.661109 0.480564
111.222 198.084 33.1574
-0.576188 0.661109 -0.480564
111.222 198.084 26.8426
-0.591155 0.771865 0.234011
111.222 203.084 31.5375
-0.591155 0.771865 -0.234011
111.222 203.084 28.4625
-0.537525 0.727273 0.42678
116.222 203.084 32.804
-0.537525 0.727273 -0.42678
116.222 203.084 27.196
-0.491899 0.792224 0.361134
121.222 208.084 32.3727
-0.491899 0.792224 -0.361134
121.222 208.084 27.6273
0.106235 -0.877896 0.466918
126.222 153.084 33.0677
0.106235 -0.877896 -0.466918
126.222 153.084 26.9323
-0.444185 0.748552 0.49231
126.222 208.084 33.2345
-0.444185 0.748552 -0.49231
126.222 208.084 26.7655
-0.505814 0.848495 0.155591
126.222 213.084 31.0222
-0.505814 0.848495 -0.155591
126.222 213.084 28.9778
0.167529 -0.895754 0.411775
131.222 153.084 32.7054
0.167529 -0.895754 -0.411775
131.222 153.084 27.2946
-0.414768 0.828186 0.37693
131.222 213.084 32.4765
-0.414768 0.828186 -0.37693
131.222 213.084 27.5235
0.248272 -0.912571 0.324924
136.222 153.084 32.1348
0.248272 -0.912571 -0.324924
136.222 153.084 27.8652
-0.35657 0.792106 0.495405
136.222 213.084 33.2549
-0.35657 0.792106 -0.495405
136.222 213.084 26.7451
-0.415502 0.895504 0.159473
136.222 218.084 31.0478
-0.415502 0.895504 -0.159473
136.222 218.084 28.9522
0.280824 -0.937207 0.206837
141.222 153.084 31.3589
0.280824 -0.937207 -0.206837
141.222 153.084 28.6411
-0.323826 0.88999 0.32102
141.222 218.084 32.1091
-0.323826 0.88999 -0.32102
141.222 218.084 27.8909
0.371876 -0.832213 0.411254
146.222 158.084 32.702
0.371876 -0.832213 -0.411254
146.222 158.084 27.298
-0.272854 0.856667 0.437804
146.222 218.084 32.8764
-0.272854 0.856667 -0.437804
146.222 218.084 27.1236
0.44027 -0.845944 0.300901
151.222 158.084 31.977
0.44027 -0.845944 -0.300901
151.222 158.084 28.023
-0.233023 0.939952 0.249382
151.222 223.084 31.6385
-0.233023 0.939952 -0.249382
151.222 223.084 28.3615
0.480567 -0.784889 0.391157
156.222 163.084 32.57
0.480567 -0.784889 -0.391157
156.222 163.084 27.43
-0.197968 0.931609 0.304816
156.222 223.084 32.0027
-0.197968 0.931609 -0.304816
156.222 223.084 27.9973
0.534508 -0.81738 0.214921
161.222 163.084 31.4121
0.534508 -0.81738 -0.214921
161.222 163.084 28.5879
0.499356 -0.72065 0.480944
161.222 168.084 33.1599
0.499356 -0.72065 -0.480944
161.222 168.084 26.8401
-0.127529 0.924222 0.359931
161.222 223.084 32.3648
-0.127529 0.924222 -0.359931
161.222 223.084 27.6352
0.581464 -0.759731 0.291048
166.222 168.084 31.9122
0.581464 -0.759731 -0.291048
166.222 168.084 28.0878
-0.0789368 0.909523 0.40809
166.222 223.084 32.6812
-0.0789368 0.909523 -0.40809
166.222 223.084 27.3188
0.597108 -0.703347 0.3857
171.222 173.084 32.5341
0.597108 -0.703347 -0.3857
171.222 173.084 27.4659
-0.01748 0.899741 0.436074
171.222 223.084 32.8651
-0.01748 0.899741 -0.436074
171.222 223.084 27.1349
0.619133 -0.669571 0.410303
176.222 178.084 32.6957
0.619133 -0.669571 -0.410303
176.222 178.084 27.3043
0.0349035 0.890388 0.453863
176.222 223.084 32.9819
0.0349035 0.890388 -0.453863
176.222 223.084 27.0181
0.635613 -0.627687 0.449449
181.222 183.084 32.9529
0.635613 -0.627687 -0.449449
181.222 183.084 27.0471
0.0923323 0.886305 0.453804
181.222 223.084 32.9815
0.0923323 0.886305 -0.453804
181.222 223.084 27.0185
0.665712 -0.594286 0.451277
186.222 188.084 32.9649
0.665712 -0.594286 -0.451277
186.222 188.084 27.0351
0.146318 0.885673 0.440652
186.222 223.084 32.8951
0.146318 0.885673 -0.440652
186.222 223.084 27.1049
0.697116 -0.552299 0.457159
191.222 193.084 33.0036
0.697116 -0.552299 -0.457159
191.222 193.084 26.9964
0.201087 0.889867 0.409512
191.222 223.084 32.6905
0.201087 0.889867 -0.409512
191.222 223.084 27.3095
0.733364 -0.523276 0.434005
196.222 198.084 32.8515
0.733364 -0.523276 -0.434005
196.222 198.084 27.1485
0.254741 0.886554 0.386172
196.222 223.084 32.5372
0.254741 0.886554 -0.386172
196.222 223.084 27.4628
0.763367 -0.532226 0.366069
201.222 203.084 32.4051
0.763367 -0.532226 -0.366069
201.222 203.084 27.5949
0.764964 -0.449124 0.461647
206.222 208.084 33.0331
0.764964 -0.449124 -0.461647
206.222 208.084 26.9669
0
