3
84
315.435 230.784 40
318.264 226.661 40
321.092 222.538 40
324.212 218.645 40
327.573 214.943 40
330.964 211.273 40
334.763 208.022 40
338.562 204.771 40
342.559 201.781 40
346.712 198.996 40
350.868 196.217 40
355.302 193.906 40
359.736 191.595 40
364.262 189.487 40
368.914 187.655 40
373.567 185.823 40
378.35 184.382 40
383.166 183.036 40
387.999 181.77 40
392.926 180.919 40
397.853 180.068 40
402.811 179.472 40
407.799 179.132 40
412.788 178.791 40
417.783 178.887 40
422.779 179.074 40
427.768 179.345 40
432.714 180.08 40
437.659 180.815 40
442.549 181.818 40
447.377 183.119 40
452.204 184.421 40
456.879 186.178 40
461.511 188.06 40
466.121 189.989 40
470.473 192.45 40
474.826 194.911 40
479.049 197.568 40
483.032 200.59 40
487.016 203.612 40
490.745 206.925 40
494.276 210.466 40
497.806 214.006 40
497.141 218.048 40
494.543 222.32 40
491.812 226.498 40
488.688 230.402 40
485.564 234.306 40
481.982 237.791 40
478.365 241.242 40
474.455 244.343 40
470.403 247.272 40
466.19 249.943 40
461.781 252.302 40
457.309 254.522 40
452.632 256.29 40
447.955 258.058 40
443.099 259.247 40
438.241 260.429 40
433.312 261.226 40
428.351 261.849 40
423.378 262.308 40
418.379 262.409 40
413.38 262.511 40
408.392 262.208 40
403.406 261.832 40
398.434 261.339 40
393.5 260.531 40
388.566 259.723 40
383.678 258.688 40
378.823 257.491 40
373.969 256.293 40
369.191 254.828 40
364.437 253.28 40
359.682 251.732 40
355.022 249.925 40
350.382 248.061 40
345.743 246.197 40
341.196 244.121 40
336.682 241.972 40
332.167 239.823 40
327.723 237.535 40
323.341 235.128 40
318.959 232.72 40
248
-0.824579 -0.565746 0
315.435 230.784 40
-0.824579 -0.565746 0
318.264 226.661 40
-0.824579 -0.565746 0
321.092 222.538 40
-0.740416 -0.672149 0
324.212 218.645 40
-0.740403 -0.672164 0
327.573 214.943 40
-0.650178 -0.759782 0
330.964 211.273 40
-0.650178 -0.759782 0
334.763 208.022 40
-0.650178 -0.759782 0
338.562 204.771 40
-0.556917 -0.830568 0
342.559 201.781 40
-0.556917 -0.830568 0
346.712 198.996 40
-0.462183 -0.886784 0
350.868 196.217 40
-0.462183 -0.886784 0
355.302 193.906 40
-0.462159 -0.886797 0
359.736 191.595 40
-0.366392 -0.930461 0
364.262 189.487 40
-0.366392 -0.930461 0
368.914 187.655 40
-0.366392 -0.930461 0
373.567 185.823 40
-0.269287 -0.96306 0
378.35 184.382 40
-0.269287 -0.96306 0
383.166 183.036 40
-0.170164 -0.985416 0
387.999 181.77 40
-0.170166 -0.985415 0
392.926 180.919 40
-0.170166 -0.985415 0
397.853 180.068 40
-0.0681768 -0.997673 0
402.811 179.472 40
-0.0682061 -0.997671 0
407.799 179.132 40
-0.0681768 -0.997673 0
412.788 178.791 40
0.0374146 -0.9993 0
417.783 178.887 40
0.0374146 -0.9993 0
422.779 179.074 40
0.147003 -0.989136 0
427.768 179.345 40
0.147003 -0.989136 0
432.714 180.08 40
0.147003 -0.989136 0
437.659 180.815 40
0.260378 -0.965507 0
442.549 181.818 40
0.260378 -0.965507 0
447.377 183.119 40
0.260378 -0.965507 0
452.204 184.421 40
0.376253 -0.926517 0
456.879 186.178 40
0.376253 -0.926517 0
461.511 188.06 40
0.492183 -0.870492 0
466.121 189.989 40
0.49216 -0.870505 0
470.473 192.45 40
0.49216 -0.870505 0
474.826 194.911 40
0.604342 -0.796725 0
479.049 197.568 40
0.604342 -0.796725 0
483.032 200.59 40
0.604334 -0.796731 0
487.016 203.612 40
0.708136 -0.706076 0
490.745 206.925 40
0.708136 -0.706076 0
494.276 210.466 40
0.708136 -0.706076 0
497.806 214.006 40
0.854382 0.519645 0
497.141 218.048 40
0.85439 0.519632 0
494.543 222.32 40
0.780775 0.624812 0
491.812 226.498 40
0.780775 0.624812 0
488.688 230.402 40
0.780787 0.624797 0
485.564 234.306 40
0.690341 0.723484 0
481.982 237.791 40
0.690365 0.723461 0
478.365 241.242 40
0.58581 0.810448 0
474.455 244.343 40
0.58581 0.810448 0
470.403 247.272 40
0.471708 0.881755 0
466.19 249.943 40
0.471714 0.881752 0
461.781 252.302 40
0.353544 0.935418 0
457.309 254.522 40
0.353544 0.935418 0
452.632 256.29 40
0.353517 0.935428 0
447.955 258.058 40
0.236478 0.971637 0
443.099 259.247 40
0.236514 0.971628 0
438.241 260.429 40
0.124542 0.992214 0
433.312 261.226 40
0.124572 0.992211 0
428.351 261.849 40
0.0202638 0.999795 0
423.378 262.308 40
0.0202638 0.999795 0
418.379 262.409 40
0.0202943 0.999794 0
413.38 262.511 40
-0.0751655 0.997171 0
408.392 262.208 40
-0.0751935 0.997169 0
403.406 261.832 40
-0.161622 0.986853 0
398.434 261.339 40
-0.161652 0.986848 0
393.5 260.531 40
-0.161622 0.986853 0
388.566 259.723 40
-0.239533 0.970888 0
383.678 258.688 40
-0.239504 0.970895 0
378.823 257.491 40
-0.239504 0.970895 0
373.969 256.293 40
-0.309596 0.950868 0
369.191 254.828 40
-0.309573 0.950876 0
364.437 253.28 40
-0.309569 0.950877 0
359.682 251.732 40
-0.372711 0.927947 0
355.022 249.925 40
-0.372711 0.927947 0
350.382 248.061 40
-0.372685 0.927958 0
345.743 246.197 40
-0.429752 0.902947 0
341.196 244.121 40
-0.429777 0.902935 0
336.682 241.972 40
-0.429746 0.90295 0
332.167 239.823 40
-0.48154 0.876424 0
327.723 237.535 40
-0.481533 0.876428 0
323.341 235.128 40
-0.481533 0.876428 0
318.959 232.72 40
-0.794711 -0.50477 0.337108
320.435 223.732 43.0927
-0.794711 -0.50477 -0.337108
320.435 223.732 36.9073
-0.729215 -0.629938 0.267252
325.435 218.732 42.4518
-0.729215 -0.629938 -0.267252
325.435 218.732 37.5482
-0.663895 -0.654105 0.362476
330.435 213.732 43.3254
-0.663895 -0.654105 -0.362476
330.435 213.732 36.6746
-0.451851 0.814643 0.363576
330.435 238.732 43.3355
-0.451851 0.814643 -0.363576
330.435 238.732 36.6645
-0.644316 -0.743485 0.179129
335.435 208.732 41.6434
-0.644316 -0.743485 -0.179129
335.435 208.732 38.3566
-0.437727 0.778035 0.450619
335.435 238.732 44.1341
-0.437727 0.778035 -0.450619
335.435 238.732 35.8659
-0.600327 -0.748285 0.28227
340.435 203.732 42.5896
-0.600327 -0.748285 -0.28227
340.435 203.732 37.4104
-0.58737 -0.65126 0.480476
340.435 208.732 44.408
-0.58737 -0.65126 -0.480476
340.435 208.732 35.592
-0.427817 0.889089 0.16277
340.435 243.732 41.4933
-0.427817 0.889089 -0.16277
340.435 243.732 38.5067
-0.538777 -0.74001 0.402623
345.435 203.732 43.6938
-0.538777 -0.74001 -0.402623
345.435 203.732 36.3062
-0.386315 0.851268 0.355109
345.435 243.732 43.2579
-0.386315 0.851268 -0.355109
345.435 243.732 36.7421
-0.482748 -0.817423 0.314284
350.435 198.732 42.8833
-0.482748 -0.817423 -0.314284
350.435 198.732 37.1167
-0.370573 0.803797 0.465389
350.435 243.732 44.2696
-0.370573 0.803797 -0.465389
350.435 243.732 35.7304
-0.448278 -0.778022 0.440145
355.435 198.732 44.038
-0.448278 -0.778022 -0.440145
355.435 198.732 35.962
-0.366302 0.908198 0.202483
355.435 248.732 41.8576
-0.366302 0.908198 -0.202483
355.435 248.732 38.1424
-0.437503 -0.851182 0.289968
360.435 193.732 42.6602
-0.437503 -0.851182 -0.289968
360.435 193.732 37.3398
-0.318512 0.87274 0.369967
360.435 248.732 43.3942
-0.318512 0.87274 -0.369967
360.435 248.732 36.6058
-0.375913 -0.826303 0.419419
365.435 193.732 43.8478
-0.375913 -0.826303 -0.419419
365.435 193.732 36.1522
-0.299862 0.840556 0.451164
365.435 248.732 44.1391
-0.299862 0.840556 -0.451164
365.435 248.732 35.8609
-0.357208 -0.902004 0.242471
370.435 188.732 42.2245
-0.357208 -0.902004 -0.242471
370.435 188.732 37.7755
-0.340469 -0.798925 0.495781
370.435 193.732 44.5484
-0.340469 -0.798925 -0.495781
370.435 193.732 35.4516
-0.295487 0.926937 0.231246
370.435 253.732 42.1215
-0.295487 0.926937 -0.231246
370.435 253.732 37.8785
-0.320348 -0.877803 0.356144
375.435 188.732 43.2673
-0.320348 -0.877803 -0.356144
375.435 188.732 36.7327
-0.244219 0.910057 0.334893
375.435 253.732 43.0724
-0.244219 0.910057 -0.334893
375.435 253.732 36.9276
-0.265637 -0.865704 0.424257
380.435 188.732 43.8922
-0.265637 -0.865704 -0.424257
380.435 188.732 36.1078
-0.226192 0.889012 0.398113
380.435 253.732 43.6524
-0.226192 0.889012 -0.398113
380.435 253.732 36.3476
-0.229969 -0.937553 0.260975
385.435 183.732 42.3942
-0.229969 -0.937553 -0.260975
385.435 183.732 37.6058
-0.223664 -0.850667 0.475752
385.435 188.732 44.3647
-0.223664 -0.850667 -0.475752
385.435 188.732 35.6353
-0.198765 0.871824 0.447677
385.435 253.732 44.1071
-0.198765 0.871824 -0.447677
385.435 253.732 35.8929
-0.216508 0.950872 0.221285
385.435 258.732 42.0301
-0.216508 0.950872 -0.221285
385.435 258.732 37.9699
-0.17593 -0.935356 0.306852
390.435 183.732 42.8151
-0.17593 -0.935356 -0.306852
390.435 183.732 37.1849
-0.164432 0.859568 0.483843
390.435 253.732 44.4389
-0.164432 0.859568 -0.483843
390.435 253.732 35.5611
-0.163273 0.954342 0.250148
390.435 258.732 42.2949
-0.163273 0.954342 -0.250148
390.435 258.732 37.7051
-0.155626 -0.925348 0.345704
395.435 183.732 43.1716
-0.155626 -0.925348 -0.345704
395.435 183.732 36.8284
-0.150589 0.945362 0.289161
395.435 258.732 42.6528
-0.150589 0.945362 -0.289161
395.435 258.732 37.3472
-0.11612 -0.917728 0.379857
400.435 183.732 43.4849
-0.11612 -0.917728 -0.379857
400.435 183.732 36.5151
-0.118854 0.93729 0.327661
400.435 258.732 43.006
-0.118854 0.93729 -0.327661
400.435 258.732 36.994
-0.0739842 -0.913587 0.399857
405.435 183.732 43.6684
-0.0739842 -0.913587 -0.399857
405.435 183.732 36.3316
-0.071603 0.934316 0.349179
405.435 258.732 43.2035
-0.071603 0.934316 -0.349179
405.435 258.732 36.7965
-0.0456948 -0.909264 0.413705
410.435 183.732 43.7954
-0.0456948 -0.909264 -0.413705
410.435 183.732 36.2046
-0.03291 0.93014 0.365726
410.435 258.732 43.3553
-0.03291 0.93014 -0.365726
410.435 258.732 36.6447
-0.00280082 -0.907694 0.419624
415.435 183.732 43.8497
-0.00280082 -0.907694 -0.419624
415.435 183.732 36.1503
0.0114181 0.928436 0.371316
415.435 258.732 43.4065
0.0114181 0.928436 -0.371316
415.435 258.732 36.5935
0.0424369 -0.909026 0.414573
420.435 183.732 43.8034
0.0424369 -0.909026 -0.414573
420.435 183.732 36.1966
0.0358447 0.929356 0.367442
420.435 258.732 43.371
0.0358447 0.929356 -0.367442
420.435 258.732 36.629
0.0910018 -0.909958 0.404594
425.435 183.732 43.7118
0.0910018 -0.909958 -0.404594
425.435 183.732 36.2882
0.0775842 0.930613 0.357686
425.435 258.732 43.2815
0.0775842 0.930613 -0.357686
425.435 258.732 36.7185
0.133264 -0.915338 0.379997
430.435 183.732 43.4862
0.133264 -0.915338 -0.379997
430.435 183.732 36.5138
0.126486 0.934353 0.333146
430.435 258.732 43.0564
0.126486 0.934353 -0.333146
430.435 258.732 36.9436
0.158828 -0.924149 0.34745
435.435 183.732 43.1876
0.158828 -0.924149 -0.34745
435.435 183.732 36.8124
0.178557 0.935908 0.303634
435.435 258.732 42.7856
0.178557 0.935908 -0.303634
435.435 258.732 37.2144
0.216933 -0.927807 0.303502
440.435 183.732 42.7844
0.216933 -0.927807 -0.303502
440.435 183.732 37.2156
0.233809 0.849302 0.473307
440.435 253.732 44.3422
0.233809 0.849302 -0.473307
440.435 253.732 35.6578
0.232491 0.936371 0.262977
440.435 258.732 42.4126
0.232491 0.936371 -0.262977
440.435 258.732 37.5874
0.253961 -0.936247 0.242787
445.435 183.732 42.2274
0.253961 -0.936247 -0.242787
445.435 183.732 37.7726
0.249155 -0.844819 0.4735
445.435 188.732 44.344
0.249155 -0.844819 -0.4735
445.435 188.732 35.656
0.289411 0.857447 0.425472
445.435 253.732 43.9034
0.289411 0.857447 -0.425472
445.435 253.732 36.0966
0.283559 -0.861485 0.421234
450.435 188.732 43.8645
0.283559 -0.861485 -0.421234
450.435 188.732 36.1355
0.336529 0.874614 0.348997
450.435 253.732 43.2018
0.336529 0.874614 -0.348997
450.435 253.732 36.7982
0.34546 -0.876829 0.334407
455.435 188.732 43.0679
0.34546 -0.876829 -0.334407
455.435 188.732 36.9321
0.37521 0.789894 0.485061
455.435 248.732 44.4501
0.37521 0.789894 -0.485061
455.435 248.732 35.5499
0.358338 0.898416 0.253855
455.435 253.732 42.3289
0.358338 0.898416 -0.253855
455.435 253.732 37.6711
0.37761 -0.906998 0.186453
460.435 188.732 41.7106
0.37761 -0.906998 -0.186453
460.435 188.732 38.2894
0.390918 -0.783557 0.482931
460.435 193.732 44.4305
0.390918 -0.783557 -0.482931
460.435 193.732 35.5695
0.43545 0.810918 0.39089
460.435 248.732 43.5861
0.43545 0.810918 -0.39089
460.435 248.732 36.4139
0.45098 -0.802305 0.391054
465.435 193.732 43.5876
0.45098 -0.802305 -0.391054
465.435 193.732 36.4124
0.491777 0.720495 0.488919
465.435 243.732 44.4855
0.491777 0.720495 -0.488919
465.435 243.732 35.5145
0.474207 0.855037 0.209855
465.435 248.732 41.9253
0.474207 0.855037 -0.209855
465.435 248.732 38.0747
0.488068 -0.850614 0.195567
470.435 193.732 41.7942
0.488068 -0.850614 -0.195567
470.435 193.732 38.2058
0.556799 0.746737 0.363811
470.435 243.732 43.3377
0.556799 0.746737 -0.363811
470.435 243.732 36.6623
0.531228 -0.753572 0.387203
475.435 198.732 43.5523
0.531228 -0.753572 -0.387203
475.435 198.732 36.4477
0.62205 0.661287 0.41923
475.435 238.732 43.8461
0.62205 0.661287 -0.41923
475.435 238.732 36.1539
0.589032 -0.766187 0.2569
480.435 198.732 42.3569
0.589032 -0.766187 -0.2569
480.435 198.732 37.6431
0.577307 -0.667578 0.470167
480.435 203.732 44.3134
0.577307 -0.667578 -0.470167
480.435 203.732 35.6866
0.672894 0.582382 0.456119
480.435 233.732 44.1845
0.672894 0.582382 -0.456119
480.435 233.732 35.8155
0.676686 0.691052 0.254055
480.435 238.732 42.3308
0.676686 0.691052 -0.254055
480.435 238.732 37.6692
0.603931 -0.750157 0.269317
485.435 203.732 42.4708
0.603931 -0.750157 -0.269317
485.435 203.732 37.5292
0.725315 0.51092 0.461389
485.435 228.732 44.2329
0.725315 0.51092 -0.461389
485.435 228.732 35.7671
0.776365 0.621108 0.107156
485.435 233.732 40.9831
0.776365 0.621108 -0.107156
485.435 233.732 39.0169
0.688882 -0.638491 0.343178
490.435 208.732 43.1484
0.688882 -0.638491 -0.343178
490.435 208.732 36.8516
0.759359 0.449258 0.470681
490.435 223.732 44.3181
0.759359 0.449258 -0.470681
490.435 223.732 35.6819
0.812692 0.345301 0.469359
495.435 218.732 44.306
0.812692 0.345301 -0.469359
495.435 218.732 35.694
0
