3
66
206.197 226.336 30
202.654 229.864 30
199.069 233.345 30
195.081 236.36 30
191.035 239.289 30
186.7 241.78 30
182.309 244.159 30
177.712 246.127 30
173.072 247.974 30
168.287 249.424 30
163.474 250.761 30
158.563 251.7 30
153.639 252.544 30
148.657 252.976 30
143.674 253.342 30
138.674 253.266 30
133.677 253.159 30
128.712 252.57 30
123.746 251.982 30
118.869 250.882 30
113.994 249.773 30
109.255 248.187 30
104.531 246.549 30
99.9875 244.473 30
95.4845 242.3 30
91.1993 239.738 30
86.9951 237.031 30
83.0312 234 30
79.2096 230.776 30
75.6225 227.309 30
72.2671 223.602 30
69.0929 219.752 30
66.2791 215.619 30
64.0649 211.527 30
67.4091 207.809 30
70.8462 204.188 30
74.639 200.929 30
78.5916 197.885 30
82.7855 195.163 30
87.1925 192.823 30
91.717 190.695 30
96.4662 189.142 30
101.265 187.763 30
106.189 186.892 30
111.144 186.293 30
116.137 186.031 30
121.128 186.144 30
126.119 186.45 30
131.061 187.179 30
135.992 188.005 30
140.833 189.248 30
145.663 190.541 30
150.377 192.204 30
155.076 193.911 30
159.655 195.913 30
164.204 197.989 30
168.653 200.264 30
173.038 202.665 30
177.369 205.16 30
181.583 207.85 30
185.798 210.54 30
189.849 213.47 30
193.888 216.418 30
197.849 219.465 30
201.709 222.643 30
205.57 225.82 30
162
0.705579 0.708631 0
206.197 226.336 30
0.705579 0.708631 0
202.654 229.864 30
0.603179 0.797606 0
199.069 233.345 30
0.603179 0.797606 0
195.081 236.36 30
0.498293 0.867009 0
191.035 239.289 30
0.498287 0.867012 0
186.7 241.78 30
0.393525 0.919314 0
182.309 244.159 30
0.393512 0.919319 0
177.712 246.127 30
0.290007 0.957025 0
173.072 247.974 30
0.290007 0.957025 0
168.287 249.424 30
0.18779 0.982209 0
163.474 250.761 30
0.18779 0.982209 0
158.563 251.7 30
0.0863346 0.996266 0
153.639 252.544 30
0.0863333 0.996266 0
148.657 252.976 30
-0.0152131 0.999884 0
143.674 253.342 30
-0.0152131 0.999884 0
138.674 253.266 30
-0.117692 0.99305 0
133.677 253.159 30
-0.117705 0.993049 0
128.712 252.57 30
-0.1177 0.993049 0
123.746 251.982 30
-0.221771 0.975099 0
118.869 250.882 30
-0.221771 0.975099 0
113.994 249.773 30
-0.327596 0.944818 0
109.255 248.187 30
-0.327601 0.944816 0
104.531 246.549 30
-0.434627 0.900611 0
99.9875 244.473 30
-0.434621 0.900614 0
95.4845 242.3 30
-0.541285 0.840839 0
91.1993 239.738 30
-0.541285 0.840839 0
86.9951 237.031 30
-0.644816 0.764338 0
83.0312 234 30
-0.644824 0.764331 0
79.2096 230.776 30
-0.741399 0.671064 0
75.6225 227.309 30
-0.741396 0.671068 0
72.2671 223.602 30
-0.826619 0.562762 0
69.0929 219.752 30
-0.826621 0.562759 0
66.2791 215.619 30
-0.743417 -0.668828 0
64.0649 211.527 30
-0.743416 -0.66883 0
67.4091 207.809 30
-0.651615 -0.75855 0
70.8462 204.188 30
-0.651612 -0.758552 0
74.639 200.929 30
-0.544479 -0.838775 0
78.5916 197.885 30
-0.544473 -0.838778 0
82.7855 195.163 30
-0.425631 -0.904897 0
87.1925 192.823 30
-0.425625 -0.9049 0
91.717 190.695 30
-0.300301 -0.953844 0
96.4662 189.142 30
-0.174249 -0.984702 0
101.265 187.763 30
-0.174249 -0.984702 0
106.189 186.892 30
-0.0525128 -0.99862 0
111.144 186.293 30
-0.0525128 -0.99862 0
116.137 186.031 30
0.0612953 -0.99812 0
121.128 186.144 30
0.0612867 -0.99812 0
126.119 186.45 30
0.165161 -0.986267 0
131.061 187.179 30
0.165176 -0.986264 0
135.992 188.005 30
0.258501 -0.966011 0
140.833 189.248 30
0.258483 -0.966016 0
145.663 190.541 30
0.341534 -0.93987 0
150.377 192.204 30
0.341538 -0.939868 0
155.076 193.911 30
0.415113 -0.90977 0
159.655 195.913 30
0.415113 -0.90977 0
164.204 197.989 30
0.48027 -0.877121 0
168.653 200.264 30
0.48027 -0.877121 0
173.038 202.665 30
0.538055 -0.84291 0
177.369 205.16 30
0.538055 -0.84291 0
181.583 207.85 30
0.538066 -0.842903 0
185.798 210.54 30
0.589495 -0.807772 0
189.849 213.47 30
0.589505 -0.807765 0
193.888 216.418 30
0.635478 -0.772119 0
197.849 219.465 30
0.635469 -0.772127 0
201.709 222.643 30
0.635469 -0.772127 0
205.57 225.82 30
-0.713421 0.498023 0.492955
73.7393 220.941 33.5113
-0.713421 0.498023 -0.492955
73.7393 220.941 26.4887
-0.558825 -0.715492 0.419268
78.7393 200.941 32.9864
-0.558825 -0.715492 -0.419268
78.7393 200.941 27.0136
-0.664099 0.585691 0.464692
78.7393 225.941 33.3099
-0.664099 0.585691 -0.464692
78.7393 225.941 26.6901
-0.528857 -0.820521 0.216923
83.7393 195.941 31.5451
-0.528857 -0.820521 -0.216923
83.7393 195.941 28.4549
-0.60276 0.682768 0.412927
83.7393 230.941 32.9412
-0.60276 0.682768 -0.412927
83.7393 230.941 27.0588
-0.424199 -0.794731 0.434117
88.7393 195.941 33.0922
-0.424199 -0.794731 -0.434117
88.7393 195.941 26.9078
-0.532422 0.78739 0.310717
88.7393 235.941 32.2132
-0.532422 0.78739 -0.310717
88.7393 235.941 27.7868
-0.375464 -0.881427 0.286553
93.7393 190.941 32.0411
-0.375464 -0.881427 -0.286553
93.7393 190.941 27.9589
-0.475371 0.731544 0.488739
93.7393 235.941 33.4812
-0.475371 0.731544 -0.488739
93.7393 235.941 26.5188
-0.46448 0.838646 0.284485
93.7393 240.941 32.0263
-0.46448 0.838646 -0.284485
93.7393 240.941 27.9737
-0.265042 -0.894094 0.36104
98.7393 190.941 32.5716
-0.265042 -0.894094 -0.36104
98.7393 190.941 27.4284
-0.416022 0.827053 0.378033
98.7393 240.941 32.6927
-0.416022 0.827053 -0.378033
98.7393 240.941 27.3073
-0.18767 -0.886008 0.423993
103.739 190.941 33.02
-0.18767 -0.886008 -0.423993
103.739 190.941 26.98
-0.357685 0.798053 0.484946
103.739 240.941 33.4542
-0.357685 0.798053 -0.484946
103.739 240.941 26.5458
-0.332186 0.928709 0.164781
103.739 245.941 31.1737
-0.332186 0.928709 -0.164781
103.739 245.941 28.8263
-0.129108 -0.878712 0.459561
108.739 190.941 33.2734
-0.129108 -0.878712 -0.459561
108.739 190.941 26.7266
-0.311482 0.898977 0.307927
108.739 245.941 32.1933
-0.311482 0.898977 -0.307927
108.739 245.941 27.8067
-0.0680872 -0.876611 0.476357
113.739 190.941 33.393
-0.0680872 -0.876611 -0.476357
113.739 190.941 26.607
-0.244956 0.878036 0.411155
113.739 245.941 32.9286
-0.244956 0.878036 -0.411155
113.739 245.941 27.0714
-0.0102999 -0.878571 0.4775
118.739 190.941 33.4012
-0.0102999 -0.878571 -0.4775
118.739 190.941 26.5988
-0.197225 0.858706 0.472998
118.739 245.941 33.3691
-0.197225 0.858706 -0.472998
118.739 245.941 26.6309
0.0449589 -0.884614 0.464151
123.739 190.941 33.3061
0.0449589 -0.884614 -0.464151
123.739 190.941 26.6939
-0.122701 0.978178 0.167666
123.739 250.941 31.1943
-0.122701 0.978178 -0.167666
123.739 250.941 28.8057
0.102518 -0.894032 0.436116
128.739 190.941 33.1064
0.102518 -0.894032 -0.436116
128.739 190.941 26.8936
-0.114668 0.963489 0.24195
128.739 250.941 31.7234
-0.114668 0.963489 -0.24195
128.739 250.941 28.2766
0.152029 -0.906901 0.392961
133.739 190.941 32.799
0.152029 -0.906901 -0.392961
133.739 190.941 27.201
-0.0947609 0.948259 0.303027
133.739 250.941 32.1584
-0.0947609 0.948259 -0.303027
133.739 250.941 27.8416
0.21434 -0.919559 0.329347
138.739 190.941 32.3459
0.21434 -0.919559 -0.329347
138.739 190.941 27.6541
-0.0229249 0.948539 0.31583
138.739 250.941 32.2496
-0.0229249 0.948539 -0.31583
138.739 250.941 27.7504
0.251194 -0.931459 0.263223
143.739 190.941 31.8749
0.251194 -0.931459 -0.263223
143.739 190.941 28.1251
0.0055071 0.946031 0.32403
143.739 250.941 32.308
0.0055071 0.946031 -0.32403
143.739 250.941 27.692
0.292009 -0.849016 0.440344
148.739 195.941 33.1365
0.292009 -0.849016 -0.440344
148.739 195.941 26.8635
0.0776339 0.952695 0.293847
148.739 250.941 32.093
0.0776339 0.952695 -0.293847
148.739 250.941 27.907
0.333236 -0.883813 0.328372
153.739 195.941 32.339
0.333236 -0.883813 -0.328372
153.739 195.941 27.661
0.0978657 0.963206 0.250313
153.739 250.941 31.7829
0.0978657 0.963206 -0.250313
153.739 250.941 28.2171
0.407217 -0.90022 0.154201
158.739 195.941 31.0984
0.407217 -0.90022 -0.154201
158.739 195.941 28.9016
0.185352 0.973211 0.136032
158.739 250.941 30.9689
0.185352 0.973211 -0.136032
158.739 250.941 29.0311
0.408188 -0.828524 0.383316
163.739 200.941 32.7303
0.408188 -0.828524 -0.383316
163.739 200.941 27.2697
0.222533 0.838253 0.497806
163.739 245.941 33.5458
0.222533 0.838253 -0.497806
163.739 245.941 26.4542
0.476669 -0.870399 0.123256
168.739 200.941 30.8779
0.476669 -0.870399 -0.123256
168.739 200.941 29.1221
0.276902 0.859558 0.429518
168.739 245.941 33.0594
0.276902 0.859558 -0.429518
168.739 245.941 26.9406
0.480079 -0.780896 0.399657
173.739 205.941 32.8467
0.480079 -0.780896 -0.399657
173.739 205.941 27.1533
0.310705 0.892029 0.328247
173.739 245.941 32.3381
0.310705 0.892029 -0.328247
173.739 245.941 27.6619
0.527814 -0.774603 0.348428
183.739 210.941 32.4818
0.527814 -0.774603 -0.348428
183.739 210.941 27.5182
0.44043 0.792581 0.421706
183.739 240.941 33.0038
0.44043 0.792581 -0.421706
183.739 240.941 26.9962
0.560047 -0.682846 0.469115
188.739 215.941 33.3414
0.560047 -0.682846 -0.469115
188.739 215.941 26.6586
0.582484 0.746488 0.321665
193.739 235.941 32.2912
0.582484 0.746488 -0.321665
193.739 235.941 27.7088
0.621222 -0.645478 0.444344
198.739 220.941 33.165
0.621222 -0.645478 -0.444344
198.739 220.941 26.835
0
