3
84
205.3 205.745 40
200.341 206.388 40
195.357 206.761 40
190.361 206.869 40
185.366 206.722 40
180.383 206.319 40
175.454 205.484 40
170.524 204.649 40
165.667 203.496 40
160.869 202.091 40
156.072 200.681 40
151.457 198.757 40
146.843 196.832 40
142.324 194.707 40
137.937 192.308 40
133.55 189.909 40
129.379 187.159 40
125.261 184.324 40
121.192 181.424 40
117.382 178.186 40
113.573 174.947 40
109.939 171.522 40
106.482 167.91 40
103.025 164.298 40
99.8985 160.401 40
96.8418 156.444 40
93.8527 152.441 40
91.2493 148.172 40
88.6459 143.903 40
86.2823 139.507 40
84.1898 134.965 40
82.0974 130.424 40
80.4509 125.71 40
78.9283 120.947 40
77.4431 116.175 40
76.3828 111.289 40
75.5554 106.36 40
74.9346 101.401 40
74.5321 96.4172 40
74.4566 91.4182 40
74.5865 86.4229 40
74.9144 81.435 40
75.5429 76.4746 40
79.0926 74.3699 40
84.0374 73.6288 40
88.994 73.0049 40
93.9875 72.7638 40
98.9871 72.8284 40
103.957 73.3544 40
108.925 73.9213 40
113.812 74.9316 40
118.656 76.1674 40
123.408 77.6861 40
128.044 79.561 40
132.615 81.5674 40
136.969 84.0268 40
141.322 86.4862 40
145.349 89.449 40
149.369 92.4224 40
153.141 95.6933 40
156.797 99.1041 40
160.338 102.626 40
163.618 106.4 40
166.898 110.174 40
169.864 114.195 40
172.769 118.265 40
175.578 122.397 40
178.118 126.703 40
180.658 131.01 40
182.997 135.425 40
185.187 139.92 40
187.377 144.414 40
189.315 149.021 40
191.171 153.664 40
193.028 158.306 40
194.628 163.041 40
196.169 167.798 40
197.71 172.555 40
199.03 177.375 40
200.272 182.219 40
201.513 187.062 40
202.605 191.939 40
203.563 196.847 40
204.521 201.754 40
236
0.128738 0.991679 0
205.3 205.745 40
0.12874 0.991678 0
200.341 206.388 40
0.0586549 0.998278 0
195.357 206.761 40
-0.00915517 0.999958 0
190.361 206.869 40
-0.0744174 0.997227 0
185.366 206.722 40
-0.166994 0.985958 0
180.383 206.319 40
-0.166992 0.985958 0
175.454 205.484 40
-0.166992 0.985958 0
170.524 204.649 40
-0.281096 0.95968 0
165.667 203.496 40
-0.281096 0.95968 0
160.869 202.091 40
-0.38496 0.922933 0
156.072 200.681 40
-0.384952 0.922936 0
151.457 198.757 40
-0.384965 0.922931 0
146.843 196.832 40
-0.479845 0.877353 0
142.324 194.707 40
-0.479845 0.877353 0
137.937 192.308 40
-0.479845 0.877353 0
133.55 189.909 40
-0.567082 0.823661 0
129.379 187.159 40
-0.567075 0.823666 0
125.261 184.324 40
-0.64774 0.761861 0
121.192 181.424 40
-0.647733 0.761868 0
117.382 178.186 40
-0.647733 0.761868 0
113.573 174.947 40
-0.722477 0.691395 0
109.939 171.522 40
-0.722477 0.691395 0
106.482 167.91 40
-0.722466 0.691407 0
103.025 164.298 40
-0.791356 0.611356 0
99.8985 160.401 40
-0.791356 0.611356 0
96.8418 156.444 40
-0.853754 0.520677 0
93.8527 152.441 40
-0.853754 0.520677 0
91.2493 148.172 40
-0.853754 0.520677 0
88.6459 143.903 40
-0.908223 0.418486 0
86.2823 139.507 40
-0.908222 0.418489 0
84.1898 134.965 40
-0.908222 0.418489 0
82.0974 130.424 40
-0.952503 0.304529 0
80.4509 125.71 40
-0.952503 0.304529 0
78.9283 120.947 40
-0.977255 0.212066 0
77.4431 116.175 40
-0.977255 0.212066 0
76.3828 111.289 40
-0.989099 0.147255 0
75.5554 106.36 40
-0.996754 0.0805057 0
74.9346 101.401 40
-0.996754 0.0805133 0
74.5321 96.4172 40
-0.999924 0.0123367 0
74.4566 91.4182 40
-0.998396 -0.0566252 0
74.5865 86.4229 40
-0.992068 -0.125702 0
74.9144 81.435 40
-0.992068 -0.125702 0
75.5429 76.4746 40
-0.148209 -0.988956 0
79.0926 74.3699 40
-0.148217 -0.988955 0
84.0374 73.6288 40
-0.0528948 -0.9986 0
88.994 73.0049 40
0.0129166 -0.999917 0
93.9875 72.7638 40
0.0129089 -0.999917 0
98.9871 72.8284 40
0.113388 -0.993551 0
103.957 73.3544 40
0.113381 -0.993552 0
108.925 73.9213 40
0.247146 -0.968978 0
113.812 74.9316 40
0.247155 -0.968976 0
118.656 76.1674 40
0.374991 -0.927029 0
123.408 77.6861 40
0.374984 -0.927031 0
128.044 79.561 40
0.491884 -0.870661 0
132.615 81.5674 40
0.491884 -0.870661 0
136.969 84.0268 40
0.491895 -0.870654 0
141.322 86.4862 40
0.594667 -0.803972 0
145.349 89.449 40
0.594667 -0.803972 0
149.369 92.4224 40
0.682173 -0.731191 0
153.141 95.6933 40
0.682164 -0.731199 0
156.797 99.1041 40
0.75479 -0.655967 0
160.338 102.626 40
0.754786 -0.655971 0
163.618 106.4 40
0.754783 -0.655974 0
166.898 110.174 40
0.813915 -0.580983 0
169.864 114.195 40
0.813915 -0.580983 0
172.769 118.265 40
0.861363 -0.50799 0
175.578 122.397 40
0.861367 -0.507984 0
178.118 126.703 40
0.861359 -0.507996 0
180.658 131.01 40
0.898988 -0.437974 0
182.997 135.425 40
0.898994 -0.437961 0
185.187 139.92 40
0.898997 -0.437955 0
187.377 144.414 40
0.928503 -0.371325 0
189.315 149.021 40
0.928498 -0.371338 0
191.171 153.664 40
0.928498 -0.371338 0
193.028 158.306 40
0.951332 -0.308169 0
194.628 163.041 40
0.951333 -0.308164 0
196.169 167.798 40
0.951332 -0.308169 0
197.71 172.555 40
0.968673 -0.24834 0
199.03 177.375 40
0.968674 -0.248337 0
200.272 182.219 40
0.96867 -0.248351 0
201.513 187.062 40
0.981475 -0.191589 0
202.605 191.939 40
0.981475 -0.191589 0
203.563 196.847 40
0.981472 -0.191604 0
204.521 201.754 40
-0.886539 0.0586926 0.458916
79.4292 102.759 43.0029
-0.886539 0.0586926 -0.458916
79.4292 102.759 36.9971
-0.903693 0.124844 0.409577
79.4292 107.759 42.6801
-0.903693 0.124844 -0.409577
79.4292 107.759 37.3199
-0.91877 0.181145 0.350783
79.4292 112.759 42.2954
-0.91877 0.181145 -0.350783
79.4292 112.759 37.7046
-0.930508 0.229342 0.285581
79.4292 117.759 41.8687
-0.930508 0.229342 -0.285581
79.4292 117.759 38.1313
-0.860859 0.263789 0.435129
84.4292 122.759 42.8473
-0.860859 0.263789 -0.435129
84.4292 122.759 37.1527
-0.872659 0.33678 0.353617
84.4292 127.759 42.3139
-0.872659 0.33678 -0.353617
84.4292 127.759 37.6861
-0.882944 0.394459 0.254583
84.4292 132.759 41.6659
-0.882944 0.394459 -0.254583
84.4292 132.759 38.3341
-0.812861 0.352456 0.463715
89.4292 132.759 43.0343
-0.812861 0.352456 -0.463715
89.4292 132.759 36.9657
-0.840152 0.403834 0.362027
89.4292 137.759 42.3689
-0.840152 0.403834 -0.362027
89.4292 137.759 37.6311
-0.845239 0.499071 0.191049
89.4292 142.759 41.2501
-0.845239 0.499071 -0.191049
89.4292 142.759 38.7499
-0.776897 0.440324 0.450052
94.4292 142.759 42.9449
-0.776897 0.440324 -0.450052
94.4292 142.759 37.0551
-0.806289 0.492872 0.327071
94.4292 147.759 42.1402
-0.806289 0.492872 -0.327071
94.4292 147.759 37.8598
-0.84811 0.520816 0.0972638
94.4292 152.759 40.6364
-0.84811 0.520816 -0.0972638
94.4292 152.759 39.3636
-0.750549 0.530584 0.3939
99.4292 152.759 42.5775
-0.750549 0.530584 -0.3939
99.4292 152.759 37.4225
-0.764973 0.588976 0.260621
99.4292 157.759 41.7054
-0.764973 0.588976 -0.260621
99.4292 157.759 38.2946
0.0547939 -0.885369 0.461648
104.429 77.7592 43.0208
0.0547939 -0.885369 -0.461648
104.429 77.7592 36.9792
-0.700663 0.568509 0.431124
104.429 157.759 42.8211
-0.700663 0.568509 -0.431124
104.429 157.759 37.1789
-0.711536 0.654809 0.254835
104.429 162.759 41.6675
-0.711536 0.654809 -0.254835
104.429 162.759 38.3325
0.12018 -0.902738 0.413063
109.429 77.7592 42.7029
0.12018 -0.902738 -0.413063
109.429 77.7592 37.2971
-0.654419 0.607071 0.450777
109.429 162.759 42.9497
-0.654419 0.607071 -0.450777
109.429 162.759 37.0503
-0.686654 0.663923 0.296164
109.429 167.759 41.938
-0.686654 0.663923 -0.296164
109.429 167.759 38.062
0.208367 -0.916222 0.342228
114.429 77.7592 42.2394
0.208367 -0.916222 -0.342228
114.429 77.7592 37.7606
-0.620172 0.638653 0.455532
114.429 167.759 42.9808
-0.620172 0.638653 -0.455532
114.429 167.759 37.0192
-0.638615 0.718849 0.274642
114.429 172.759 41.7971
-0.638615 0.718849 -0.274642
114.429 172.759 38.2029
0.255525 -0.935203 0.245159
119.429 77.7592 41.6042
0.255525 -0.935203 -0.245159
119.429 77.7592 38.3958
-0.58295 0.679677 0.445207
119.429 172.759 42.9132
-0.58295 0.679677 -0.445207
119.429 172.759 37.0868
-0.623053 0.74095 0.250597
119.429 177.759 41.6398
-0.623053 0.74095 -0.250597
119.429 177.759 38.3602
0.320189 -0.847586 0.423174
124.429 82.7592 42.769
0.320189 -0.847586 -0.423174
124.429 82.7592 37.231
-0.557161 0.715774 0.420998
124.429 177.759 42.7548
-0.557161 0.715774 -0.420998
124.429 177.759 37.2452
-0.568152 0.792117 0.223054
124.429 182.759 41.4596
-0.568152 0.792117 -0.223054
124.429 182.759 38.5404
0.398322 -0.856848 0.32734
129.429 82.7592 42.142
0.398322 -0.856848 -0.32734
129.429 82.7592 37.858
-0.519106 0.767796 0.375525
129.429 182.759 42.4573
-0.519106 0.767796 -0.375525
129.429 182.759 37.5427
0.465278 -0.851199 0.242852
134.429 82.7592 41.5891
0.465278 -0.851199 -0.242852
134.429 82.7592 38.4109
0.430575 -0.800972 0.415991
134.429 87.7592 42.722
0.430575 -0.800972 -0.415991
134.429 87.7592 37.278
-0.451189 0.742226 0.495509
134.429 182.759 43.2424
-0.451189 0.742226 -0.495509
134.429 182.759 36.7576
-0.473226 0.834014 0.283688
134.429 187.759 41.8563
-0.473226 0.834014 -0.283688
134.429 187.759 38.1437
0.480828 -0.832675 0.274694
139.429 87.7592 41.7975
0.480828 -0.832675 -0.274694
139.429 87.7592 38.2025
0.463181 -0.744452 0.48089
139.429 92.7592 43.1467
0.463181 -0.744452 -0.48089
139.429 92.7592 36.8533
-0.425377 0.796396 0.429894
139.429 187.759 42.813
-0.425377 0.796396 -0.429894
139.429 187.759 37.187
-0.464707 0.860689 0.207996
139.429 192.759 41.361
-0.464707 0.860689 -0.207996
139.429 192.759 38.639
0.543427 -0.763778 0.348324
144.429 92.7592 42.2793
0.543427 -0.763778 -0.348324
144.429 92.7592 37.7207
-0.419535 0.845982 0.329096
144.429 192.759 42.1535
-0.419535 0.845982 -0.329096
144.429 192.759 37.8465
0.594281 -0.802548 0.052405
149.429 92.7592 40.3429
0.594281 -0.802548 -0.052405
149.429 92.7592 39.6571
0.592492 -0.706847 0.386419
149.429 97.7592 42.5285
0.592492 -0.706847 -0.386419
149.429 97.7592 37.4715
-0.343448 0.826402 0.44621
149.429 192.759 42.9198
-0.343448 0.826402 -0.44621
149.429 192.759 37.0802
-0.369741 0.89355 0.254676
149.429 197.759 41.6665
-0.369741 0.89355 -0.254676
149.429 197.759 38.3335
0.656885 -0.712555 0.246511
154.429 97.7592 41.613
0.656885 -0.712555 -0.246511
154.429 97.7592 38.387
0.638086 -0.660964 0.394934
154.429 102.759 42.5843
0.638086 -0.660964 -0.394934
154.429 102.759 37.4157
-0.343455 0.880845 0.325808
154.429 197.759 42.1319
-0.343455 0.880845 -0.325808
154.429 197.759 37.8681
0.743616 -0.655127 0.13358
159.429 102.759 40.8741
0.743616 -0.655127 -0.13358
159.429 102.759 39.1259
0.685797 -0.617311 0.3855
159.429 107.759 42.5225
0.685797 -0.617311 -0.3855
159.429 107.759 37.4775
-0.276128 0.863515 0.422013
159.429 197.759 42.7615
-0.276128 0.863515 -0.422013
159.429 197.759 37.2385
0.739789 -0.642271 0.200502
164.429 107.759 41.312
0.739789 -0.642271 -0.200502
164.429 107.759 38.688
0.720582 -0.595865 0.354552
164.429 112.759 42.32
0.720582 -0.595865 -0.354552
164.429 112.759 37.68
0.695918 -0.529074 0.485571
164.429 117.759 43.1773
0.695918 -0.529074 -0.485571
164.429 117.759 36.8227
-0.264022 0.938765 0.221388
164.429 202.759 41.4487
-0.264022 0.938765 -0.221388
164.429 202.759 38.5513
0.772178 -0.553311 0.31239
169.429 117.759 42.0441
0.772178 -0.553311 -0.31239
169.429 117.759 37.9559
0.746155 -0.498407 0.441411
169.429 122.759 42.8884
0.746155 -0.498407 -0.441411
169.429 122.759 37.1116
-0.174067 0.93514 0.308567
169.429 202.759 42.0191
-0.174067 0.93514 -0.308567
169.429 202.759 37.9809
0.845261 -0.50669 0.169701
174.429 122.759 41.1104
0.845261 -0.50669 -0.169701
174.429 122.759 38.8896
0.79803 -0.47463 0.371313
174.429 127.759 42.4297
0.79803 -0.47463 -0.371313
174.429 127.759 37.5703
0.762688 -0.427769 0.485099
174.429 132.759 43.1743
0.762688 -0.427769 -0.485099
174.429 132.759 36.8257
-0.130853 0.913464 0.385306
174.429 202.759 42.5213
-0.130853 0.913464 -0.385306
174.429 202.759 37.4787
0.839748 -0.474484 0.263986
179.429 132.759 41.7274
0.839748 -0.474484 -0.263986
179.429 132.759 38.2726
0.818339 -0.409626 0.403147
179.429 137.759 42.638
0.818339 -0.409626 -0.403147
179.429 137.759 37.362
-0.0836556 0.881639 0.464452
179.429 202.759 43.0392
-0.0836556 0.881639 -0.464452
179.429 202.759 36.9608
0.861535 -0.408385 0.301629
184.429 142.759 41.9737
0.861535 -0.408385 -0.301629
184.429 142.759 38.0263
0.838266 -0.360869 0.40876
184.429 147.759 42.6747
0.838266 -0.360869 -0.40876
184.429 147.759 37.3253
0.898801 -0.354385 0.258006
189.429 152.759 41.6883
0.898801 -0.354385 -0.258006
189.429 152.759 38.3117
0.867548 -0.319104 0.381488
189.429 157.759 42.4963
0.867548 -0.319104 -0.381488
189.429 157.759 37.5037
0.83743 -0.263012 0.479099
189.429 162.759 43.135
0.83743 -0.263012 -0.479099
189.429 162.759 36.865
0.949631 -0.307607 0.0598301
194.429 162.759 40.3915
0.949631 -0.307607 -0.0598301
194.429 162.759 39.6085
0.919958 -0.286198 0.267894
194.429 167.759 41.753
0.919958 -0.286198 -0.267894
194.429 167.759 38.247
0.87698 -0.237689 0.417624
194.429 172.759 42.7327
0.87698 -0.237689 -0.417624
194.429 172.759 37.2673
0.951127 -0.233315 0.202291
199.429 182.759 41.3237
0.951127 -0.233315 -0.202291
199.429 182.759 38.6763
0.896874 -0.170596 0.408061
199.429 187.759 42.6702
0.896874 -0.170596 -0.408061
199.429 187.759 37.3298
0
