3
134
504.185 425.206 9024.41
501.877 434.936 9024.41
499.57 444.666 9024.41
497.263 454.396 9024.41
494.955 464.126 9024.41
492.648 473.857 9024.41
490.34 483.587 9024.41
488.033 493.317 9024.41
485.725 503.047 9024.41
476.455 508.419 9024.41
468.735 513.855 9024.41
463.329 520.07 9024.41
459.833 527.123 9024.41
457.842 535.071 9024.41
456.952 543.972 9024.41
456.757 553.882 9024.41
456.852 564.861 9024.41
456.835 576.964 9024.41
456.339 590.033 9024.41
456.102 600.351 9024.41
455.983 610.575 9024.41
456.115 620.674 9024.41
456.632 630.614 9024.41
457.668 640.365 9024.41
459.358 649.895 9024.41
461.834 659.171 9024.41
465.233 668.162 9024.41
469.686 676.836 9024.41
475.33 685.16 9024.41
482.296 693.104 9024.41
485.88 704.549 9024.41
487.023 716.454 9024.41
487.167 727.532 9024.41
486.455 737.902 9024.41
485.03 747.683 9024.41
483.033 756.996 9024.41
480.606 765.959 9024.41
477.892 774.692 9024.41
475.033 783.316 9024.41
472.171 791.949 9024.41
469.448 800.712 9024.41
467.008 809.723 9024.41
465.006 817.976 9024.41
461.555 826.038 9024.41
456.73 834.407 9024.41
451.045 843.055 9024.41
445.012 851.952 9024.41
439.146 861.069 9024.41
433.958 870.375 9024.41
429.963 879.843 9024.41
423.196 886.624 9024.41
412.759 888.671 9024.41
402.665 887.261 9024.41
394.765 882.511 9024.41
390.911 874.531 9024.41
393.437 865.099 9024.41
399.036 857.824 9024.41
404.612 850.506 9024.41
409.553 841.944 9024.41
413.245 830.938 9024.41
421.547 820.688 9024.41
428.841 810.853 9024.41
434.621 801.187 9024.41
438.981 791.68 9024.41
442.015 782.321 9024.41
443.818 773.099 9024.41
444.483 764.005 9024.41
444.106 755.028 9024.41
442.78 746.156 9024.41
440.599 737.38 9024.41
437.658 728.689 9024.41
434.051 720.072 9024.41
429.873 711.519 9024.41
425.217 703.019 9024.41
420.178 694.563 9024.41
414.851 686.138 9024.41
405.64 676.009 9024.41
396.889 666.12 9024.41
389.05 656.665 9024.41
382.057 647.604 9024.41
375.846 638.895 9024.41
370.351 630.495 9024.41
365.506 622.361 9024.41
361.247 614.453 9024.41
357.509 606.728 9024.41
354.227 599.144 9024.41
351.335 591.659 9024.41
348.768 584.23 9024.41
346.461 576.817 9024.41
345.698 568.168 9024.41
345.231 559.241 9024.41
344.831 550.249 9024.41
344.517 541.193 9024.41
344.309 532.073 9024.41
344.225 522.89 9024.41
344.286 513.645 9024.41
344.511 504.336 9024.41
344.92 494.966 9024.41
345.532 485.535 9024.41
346.366 476.042 9024.41
347.443 466.489 9024.41
348.781 456.875 9024.41
350.4 447.202 9024.41
352.32 437.47 9024.41
354.56 427.679 9024.41
357.14 417.829 9024.41
360.079 407.922 9024.41
363.397 397.957 9024.41
367.113 387.936 9024.41
371.247 377.858 9024.41
375.818 367.723 9024.41
380.847 357.534 9024.41
386.351 347.289 9024.41
392.351 336.989 9024.41
399.835 325.548 9024.41
408.278 315.95 9024.41
416.721 309.669 9024.41
425.107 306.409 9024.41
433.376 305.877 9024.41
441.473 307.778 9024.41
449.337 311.818 9024.41
456.913 317.703 9024.41
464.142 325.137 9024.41
470.966 333.827 9024.41
477.327 343.479 9024.41
483.168 353.797 9024.41
488.431 364.489 9024.41
493.057 375.258 9024.41
496.99 385.812 9024.41
500.171 395.855 9024.41
502.543 405.094 9024.41
504.047 413.234 9024.41
504.627 419.98 9024.41
504.223 425.039 9024.41
170
0.973015 0.230742 0
504.185 425.206 9024.41
0.973015 0.230743 0
501.877 434.936 9024.41
0.973015 0.230743 0
499.57 444.666 9024.41
0.973015 0.230743 0
497.263 454.396 9024.41
0.973015 0.230742 0
494.955 464.126 9024.41
0.973015 0.230742 0
492.648 473.857 9024.41
0.973015 0.230742 0
490.34 483.587 9024.41
0.973015 0.230742 0
488.033 493.317 9024.41
0.973015 0.230741 0
485.725 503.047 9024.41
0.489947 0.871753 0
476.455 508.419 9024.41
0.667074 0.744991 0
468.735 513.855 9024.41
0.833967 0.551814 0
463.329 520.07 9024.41
0.941714 0.336415 0
459.833 527.123 9024.41
0.986942 0.161079 0
457.842 535.071 9024.41
0.998723 0.0505289 0
456.952 543.972 9024.41
0.999999 -0.0017162 0
456.757 553.882 9024.41
0.999957 -0.0092353 0
456.852 564.861 9024.41
0.999864 0.0165203 0
456.835 576.964 9024.41
0.999708 0.0241777 0
456.339 590.033 9024.41
0.99981 0.0194877 0
456.102 600.351 9024.41
0.999999 0.00158828 0
455.983 610.575 9024.41
0.999546 -0.0301165 0
456.115 620.674 9024.41
0.997081 -0.076345 0
456.632 630.614 9024.41
0.99048 -0.137659 0
457.668 640.365 9024.41
0.976838 -0.213979 0
459.358 649.895 9024.41
0.952701 -0.303908 0
461.834 659.171 9024.41
0.914738 -0.404048 0
465.233 668.162 9024.41
0.860895 -0.508783 0
469.686 676.836 9024.41
0.791616 -0.611019 0
475.33 685.16 9024.41
0.710288 -0.703912 0
482.296 693.104 9024.41
0.990787 -0.135428 0
485.88 704.549 9024.41
0.998543 -0.0539597 0
487.023 716.454 9024.41
0.999588 0.0286985 0
487.167 727.532 9024.41
0.994152 0.107993 0
486.455 737.902 9024.41
0.983816 0.17918 0
485.03 747.683 9024.41
0.97123 0.238145 0
483.033 756.996 9024.41
0.95944 0.281913 0
480.606 765.959 9024.41
0.951158 0.308704 0
477.892 774.692 9024.41
0.948197 0.317681 0
475.033 783.316 9024.41
0.951177 0.308646 0
472.171 791.949 9024.41
0.95944 0.281914 0
469.448 800.712 9024.41
0.97116 0.238429 0
467.008 809.723 9024.41
0.950094 0.311964 0
465.006 817.976 9024.41
0.889474 0.456986 0
461.555 826.038 9024.41
0.847126 0.531392 0
456.73 834.407 9024.41
0.827988 0.560745 0
451.045 843.055 9024.41
0.83089 0.556437 0
445.012 851.952 9024.41
0.854102 0.520105 0
439.146 861.069 9024.41
0.895164 0.445736 0
433.958 870.375 9024.41
0.947233 0.320547 0
429.963 879.843 9024.41
0.356481 0.934302 0
423.196 886.624 9024.41
0.0283308 0.999599 0
412.759 888.671 9024.41
-0.315955 0.948774 0
402.665 887.261 9024.41
-0.718165 0.695873 0
394.765 882.511 9024.41
-0.992021 0.126071 0
390.911 874.531 9024.41
-0.81678 -0.576949 0
393.437 865.099 9024.41
-0.780193 -0.625538 0
399.036 857.824 9024.41
-0.822081 -0.569371 0
404.612 850.506 9024.41
-0.908125 -0.4187 0
409.553 841.944 9024.41
-0.975245 -0.221129 0
413.245 830.938 9024.41
-0.775335 -0.63155 0
421.547 820.688 9024.41
-0.831169 -0.55602 0
428.841 810.853 9024.41
-0.884549 -0.466448 0
434.621 801.187 9024.41
-0.931548 -0.363618 0
438.981 791.68 9024.41
-0.968133 -0.250436 0
442.015 782.321 9024.41
-0.991263 -0.131899 0
443.818 773.099 9024.41
-0.999899 -0.0141886 0
444.483 764.005 9024.41
-0.995305 0.0967831 0
444.106 755.028 9024.41
-0.980478 0.19663 0
442.78 746.156 9024.41
-0.959118 0.283008 0
440.599 737.38 9024.41
-0.934722 0.35538 0
437.658 728.689 9024.41
-0.910091 0.414409 0
434.051 720.072 9024.41
-0.887215 0.461356 0
429.873 711.519 9024.41
-0.867391 0.497627 0
425.217 703.019 9024.41
-0.851401 0.524515 0
420.178 694.563 9024.41
-0.839683 0.543076 0
414.851 686.138 9024.41
-0.73896 0.673749 0
405.64 676.009 9024.41
-0.759262 0.650785 0
396.889 666.12 9024.41
-0.780676 0.624936 0
389.05 656.665 9024.41
-0.802915 0.596094 0
382.057 647.604 9024.41
-0.825576 0.56429 0
375.846 638.895 9024.41
-0.848149 0.529758 0
370.351 630.495 9024.41
-0.870039 0.492984 0
365.506 622.361 9024.41
-0.890623 0.454742 0
361.247 614.453 9024.41
-0.909324 0.41609 0
357.509 606.728 9024.41
-0.925678 0.378313 0
354.227 599.144 9024.41
-0.939402 0.342817 0
351.335 591.659 9024.41
-0.950411 0.310995 0
348.768 584.23 9024.41
-0.958801 0.28408 0
346.461 576.817 9024.41
-0.998466 0.0553682 0
345.698 568.168 9024.41
-0.998815 0.0486637 0
345.231 559.241 9024.41
-0.999204 0.0398938 0
344.831 550.249 9024.41
-0.999577 0.0290962 0
344.517 541.193 9024.41
-0.999867 0.0163087 0
344.309 532.073 9024.41
-0.999999 0.00157176 0
344.225 522.89 9024.41
-0.999886 -0.0150697 0
344.286 513.645 9024.41
-0.999437 -0.0335637 0
344.511 504.336 9024.41
-0.998549 -0.0538493 0
344.92 494.966 9024.41
-0.997119 -0.0758542 0
345.532 485.535 9024.41
-0.995038 -0.0994922 0
346.366 476.042 9024.41
-0.992199 -0.124662 0
347.443 466.489 9024.41
-0.988496 -0.151246 0
348.781 456.875 9024.41
-0.983829 -0.179108 0
350.4 447.202 9024.41
-0.978109 -0.208095 0
352.32 437.47 9024.41
-0.971256 -0.238039 0
354.56 427.679 9024.41
-0.963209 -0.268754 0
357.14 417.829 9024.41
-0.953925 -0.300045 0
360.079 407.922 9024.41
-0.943383 -0.331706 0
363.397 397.957 9024.41
-0.931583 -0.36353 0
367.113 387.936 9024.41
-0.918549 -0.395306 0
371.247 377.858 9024.41
-0.904331 -0.426832 0
375.818 367.723 9024.41
-0.888996 -0.457915 0
380.847 357.534 9024.41
-0.872633 -0.488377 0
386.351 347.289 9024.41
-0.855347 -0.518055 0
392.351 336.989 9024.41
-0.803085 -0.595864 0
399.835 325.548 9024.41
-0.682362 -0.731014 0
408.278 315.95 9024.41
-0.488914 -0.872332 0
416.721 309.669 9024.41
-0.216262 -0.976335 0
425.107 306.409 9024.41
0.0891869 -0.996015 0
433.376 305.877 9024.41
0.353508 -0.935431 0
441.473 307.778 9024.41
0.543975 -0.839101 0
449.337 311.818 9024.41
0.671049 -0.741413 0
456.913 317.703 9024.41
0.755406 -0.655257 0
464.142 325.137 9024.41
0.813039 -0.582209 0
470.966 333.827 9024.41
0.854084 -0.520136 0
477.327 343.479 9024.41
0.884686 -0.466187 0
483.168 353.797 9024.41
0.908627 -0.417609 0
488.431 364.489 9024.41
0.928325 -0.37177 0
493.057 375.258 9024.41
0.945416 -0.325867 0
496.99 385.812 9024.41
0.961066 -0.27632 0
500.171 395.855 9024.41
0.976049 -0.21755 0
502.543 405.094 9024.41
0.990295 -0.13898 0
504.047 413.234 9024.41
0.999866 -0.0163701 0
504.627 419.98 9024.41
0.97621 0.216829 0
504.223 425.039 9024.41
-0.991583 -0.0325745 0.125308
344.224 505.768 9225.41
-0.991583 -0.0325745 -0.125308
344.224 505.768 8823.41
-0.975412 0.006199 0.220301
344.224 525.768 9377.79
-0.975412 0.006199 -0.220301
344.224 525.768 8671.03
-0.963116 0.0410782 0.265933
344.224 545.768 9450.99
-0.963116 0.0410782 -0.265933
344.224 545.768 8597.83
-0.904009 -0.297637 0.306887
364.224 405.768 9516.68
-0.904009 -0.297637 -0.306887
364.224 405.768 8532.14
-0.857075 -0.230822 0.46059
364.224 425.768 9763.23
-0.857075 -0.230822 -0.46059
364.224 425.768 8285.59
-0.821665 0.383998 0.421204
364.224 605.768 9700.05
-0.821665 0.383998 -0.421204
364.224 605.768 8348.77
-0.788997 -0.421016 0.44747
384.224 365.768 9742.18
-0.788997 -0.421016 -0.44747
384.224 365.768 8306.64
-0.768314 0.569689 0.291801
384.224 645.768 9492.48
-0.768314 0.569689 -0.291801
384.224 645.768 8556.34
-0.696996 -0.607619 0.380784
404.224 325.768 9635.21
-0.696996 -0.607619 -0.380784
404.224 325.768 8413.61
-0.305625 0.884905 0.351478
404.224 885.768 9588.21
-0.305625 0.884905 -0.351478
404.224 885.768 8460.61
-0.947818 0.193117 0.253669
444.224 745.768 9431.31
-0.947818 0.193117 -0.253669
444.224 745.768 8617.51
-0.948832 -0.0124955 0.315534
444.224 765.768 9530.55
-0.948832 -0.0124955 -0.315534
444.224 765.768 8518.27
0.857985 -0.402848 0.318708
484.224 365.768 9535.64
0.857985 -0.402848 -0.318708
484.224 365.768 8513.18
0.850197 0.194844 0.489082
484.224 465.768 9808.93
0.850197 0.194844 -0.489082
484.224 465.768 8239.89
0.887621 0.236011 0.395509
484.224 485.768 9658.83
0.887621 0.236011 -0.395509
484.224 485.768 8389.98
0.946942 -0.138224 0.290164
484.224 705.768 9489.85
0.946942 -0.138224 -0.290164
484.224 705.768 8558.97
0.900868 0.0281758 0.433177
484.224 725.768 9719.26
0.900868 0.0281758 -0.433177
484.224 725.768 8329.56
0.938604 0.171558 0.299316
484.224 745.768 9504.53
0.938604 0.171558 -0.299316
484.224 745.768 8544.29
0
