3
141
254.397 148.841 0
249.404 149.097 0
244.41 149.353 0
239.455 149.977 0
234.514 150.743 0
229.623 151.75 0
224.785 153.013 0
219.99 154.411 0
215.303 156.153 0
210.636 157.941 0
206.144 160.138 0
201.653 162.335 0
197.382 164.932 0
193.126 167.557 0
189.084 170.493 0
185.102 173.516 0
181.313 176.771 0
177.639 180.162 0
174.127 183.713 0
170.792 187.438 0
167.577 191.261 0
164.612 195.288 0
161.713 199.357 0
159.146 203.648 0
156.579 207.938 0
154.433 212.454 0
152.289 216.972 0
150.508 221.64 0
148.812 226.343 0
147.398 231.133 0
146.171 235.98 0
145.121 240.863 0
144.378 245.807 0
143.683 250.757 0
143.435 255.75 0
143.186 260.744 0
143.328 265.738 0
143.576 270.732 0
144.058 275.702 0
144.801 280.647 0
145.643 285.572 0
146.871 290.419 0
148.098 295.266 0
149.779 299.974 0
151.475 304.677 0
153.512 309.239 0
155.655 313.756 0
158.043 318.143 0
160.61 322.434 0
163.338 326.617 0
166.303 330.643 0
169.359 334.595 0
172.694 338.321 0
176.06 342.015 0
179.734 345.406 0
183.409 348.797 0
187.373 351.842 0
191.355 354.866 0
195.553 357.574 0
199.809 360.199 0
204.214 362.553 0
208.706 364.75 0
213.289 366.733 0
217.976 368.475 0
222.706 370.078 0
227.544 371.341 0
232.391 372.562 0
237.332 373.328 0
242.273 374.094 0
247.258 374.427 0
252.252 374.683 0
257.245 374.647 0
262.238 374.391 0
267.217 373.986 0
272.158 373.22 0
277.093 372.427 0
281.931 371.164 0
286.769 369.901 0
291.478 368.23 0
296.164 366.488 0
300.72 364.441 0
305.212 362.244 0
309.584 359.83 0
313.839 357.205 0
317.999 354.441 0
321.981 351.417 0
325.902 348.32 0
329.577 344.93 0
333.235 341.522 0
336.569 337.797 0
339.904 334.071 0
342.908 330.077 0
345.873 326.051 0
348.546 321.83 0
351.113 317.54 0
353.441 313.121 0
355.584 308.604 0
357.558 304.016 0
359.254 299.312 0
360.869 294.584 0
362.096 289.737 0
363.324 284.89 0
364.097 279.952 0
364.841 275.007 0
365.253 270.03 0
365.501 265.036 0
365.573 260.042 0
365.325 255.048 0
365.055 250.056 0
364.312 245.112 0
363.569 240.167 0
362.451 235.298 0
361.224 230.451 0
359.744 225.682 0
358.048 220.978 0
356.203 216.336 0
354.06 211.819 0
351.855 207.335 0
349.288 203.044 0
346.72 198.754 0
343.765 194.721 0
340.8 190.695 0
337.533 186.914 0
334.199 183.189 0
330.639 179.685 0
326.964 176.294 0
323.132 173.091 0
319.15 170.068 0
315.069 167.188 0
310.814 164.563 0
306.51 162.026 0
302.018 159.829 0
297.519 157.65 0
292.832 155.908 0
288.146 154.166 0
283.329 152.836 0
278.491 151.573 0
273.586 150.635 0
268.645 149.87 0
263.682 149.317 0
258.688 149.061 0
925
-0.0512085 -0.998688 0
254.397 148.841 0
-0.0512085 -0.998688 0
249.404 149.097 0
-0.0512085 -0.998688 0
244.41 149.353 0
-0.153137 -0.988205 0
239.455 149.977 0
-0.153137 -0.988205 0
234.514 150.743 0
-0.252611 -0.967568 0
229.623 151.75 0
-0.252608 -0.967569 0
224.785 153.013 0
-0.348358 -0.937362 0
219.99 154.411 0
-0.348358 -0.937362 0
215.303 156.153 0
-0.43939 -0.898296 0
210.636 157.941 0
-0.43939 -0.898296 0
206.144 160.138 0
-0.439396 -0.898293 0
201.653 162.335 0
-0.525012 -0.851095 0
197.382 164.932 0
-0.525012 -0.851095 0
193.126 167.557 0
-0.604723 -0.796436 0
189.084 170.493 0
-0.604716 -0.796441 0
185.102 173.516 0
-0.678188 -0.734889 0
181.313 176.771 0
-0.678179 -0.734896 0
177.639 180.162 0
-0.745118 -0.666932 0
174.127 183.713 0
-0.745104 -0.666948 0
170.792 187.438 0
-0.805203 -0.593 0
167.577 191.261 0
-0.805197 -0.593007 0
164.612 195.288 0
-0.858134 -0.513425 0
161.713 199.357 0
-0.85813 -0.513432 0
159.146 203.648 0
-0.858128 -0.513436 0
156.579 207.938 0
-0.90348 -0.428631 0
154.433 212.454 0
-0.90348 -0.428631 0
152.289 216.972 0
-0.940752 -0.339097 0
150.508 221.64 0
-0.940752 -0.339097 0
148.812 226.343 0
-0.969401 -0.245482 0
147.398 231.133 0
-0.969401 -0.245482 0
146.171 235.98 0
-0.988892 -0.148636 0
145.121 240.863 0
-0.988892 -0.148636 0
144.378 245.807 0
-0.998766 -0.0496674 0
143.683 250.757 0
-0.998765 -0.0496827 0
143.435 255.75 0
-0.998765 -0.0496827 0
143.186 260.744 0
-0.998767 0.0496522 0
143.328 265.738 0
-0.998767 0.0496515 0
143.576 270.732 0
-0.988894 0.148621 0
144.058 275.702 0
-0.988894 0.148621 0
144.801 280.647 0
-0.969401 0.245482 0
145.643 285.572 0
-0.9694 0.245486 0
146.871 290.419 0
-0.969401 0.245482 0
148.098 295.266 0
-0.940756 0.339083 0
149.779 299.974 0
-0.940747 0.33911 0
151.475 304.677 0
-0.903483 0.428624 0
153.512 309.239 0
-0.903471 0.428649 0
155.655 313.756 0
-0.85813 0.513432 0
158.043 318.143 0
-0.858134 0.513425 0
160.61 322.434 0
-0.80521 0.59299 0
163.338 326.617 0
-0.805195 0.59301 0
166.303 330.643 0
-0.745112 0.66694 0
169.359 334.595 0
-0.745118 0.666932 0
172.694 338.321 0
-0.678179 0.734896 0
176.06 342.015 0
-0.678188 0.734889 0
179.734 345.406 0
-0.678188 0.734889 0
183.409 348.797 0
-0.604731 0.79643 0
187.373 351.842 0
-0.60474 0.796423 0
191.355 354.866 0
-0.525019 0.85109 0
195.553 357.574 0
-0.525006 0.851099 0
199.809 360.199 0
-0.439396 0.898293 0
204.214 362.553 0
-0.439396 0.898293 0
208.706 364.75 0
-0.348353 0.937364 0
213.289 366.733 0
-0.348349 0.937365 0
217.976 368.475 0
-0.252626 0.967564 0
222.706 370.078 0
-0.252611 0.967568 0
227.544 371.341 0
-0.153135 0.988205 0
232.391 372.562 0
-0.15314 0.988205 0
237.332 373.328 0
-0.15314 0.988205 0
242.273 374.094 0
-0.0512085 0.998688 0
247.258 374.427 0
-0.0512085 0.998688 0
252.252 374.683 0
0.0512085 0.998688 0
257.245 374.647 0
0.0512085 0.998688 0
262.238 374.391 0
0.15314 0.988205 0
267.217 373.986 0
0.15314 0.988205 0
272.158 373.22 0
0.252626 0.967564 0
277.093 372.427 0
0.252626 0.967564 0
281.931 371.164 0
0.252597 0.967572 0
286.769 369.901 0
0.348363 0.93736 0
291.478 368.23 0
0.348353 0.937364 0
296.164 366.488 0
0.439396 0.898293 0
300.72 364.441 0
0.439384 0.898299 0
305.212 362.244 0
0.525017 0.851092 0
309.584 359.83 0
0.525017 0.851092 0
313.839 357.205 0
0.604706 0.796448 0
317.999 354.441 0
0.604706 0.796448 0
321.981 351.417 0
0.678188 0.734889 0
325.902 348.32 0
0.678188 0.734889 0
329.577 344.93 0
0.74509 0.666964 0
333.235 341.522 0
0.745103 0.666949 0
336.569 337.797 0
0.745118 0.666932 0
339.904 334.071 0
0.80521 0.59299 0
342.908 330.077 0
0.805195 0.59301 0
345.873 326.051 0
0.85813 0.513432 0
348.546 321.83 0
0.858139 0.513418 0
351.113 317.54 0
0.903483 0.428624 0
353.441 313.121 0
0.903489 0.428612 0
355.584 308.604 0
0.940758 0.339078 0
357.558 304.016 0
0.940745 0.339115 0
359.254 299.312 0
0.9694 0.245486 0
360.869 294.584 0
0.9694 0.245486 0
362.096 289.737 0
0.9694 0.245486 0
363.324 284.89 0
0.988894 0.148621 0
364.097 279.952 0
0.988894 0.148621 0
364.841 275.007 0
0.998765 0.0496819 0
365.253 270.03 0
0.998765 0.0496819 0
365.501 265.036 0
0.998765 -0.0496819 0
365.573 260.042 0
0.998766 -0.0496667 0
365.325 255.048 0
0.988892 -0.148636 0
365.055 250.056 0
0.988892 -0.148636 0
364.312 245.112 0
0.988892 -0.148636 0
363.569 240.167 0
0.9694 -0.245486 0
362.451 235.298 0
0.9694 -0.245486 0
361.224 230.451 0
0.940753 -0.339092 0
359.744 225.682 0
0.94075 -0.339101 0
358.048 220.978 0
0.903477 -0.428637 0
356.203 216.336 0
0.903477 -0.428637 0
354.06 211.819 0
0.85813 -0.513432 0
351.855 207.335 0
0.85813 -0.513432 0
349.288 203.044 0
0.85813 -0.513432 0
346.72 198.754 0
0.805203 -0.593 0
343.765 194.721 0
0.80521 -0.59299 0
340.8 190.695 0
0.745111 -0.666941 0
337.533 186.914 0
0.745118 -0.666932 0
334.199 183.189 0
0.678188 -0.734889 0
330.639 179.685 0
0.678195 -0.734882 0
326.964 176.294 0
0.604726 -0.796434 0
323.132 173.091 0
0.604714 -0.796443 0
319.15 170.068 0
0.524994 -0.851106 0
315.069 167.188 0
0.525001 -0.851101 0
310.814 164.563 0
0.43939 -0.898296 0
306.51 162.026 0
0.43939 -0.898296 0
302.018 159.829 0
0.348358 -0.937362 0
297.519 157.65 0
0.348358 -0.937362 0
292.832 155.908 0
0.348358 -0.937362 0
288.146 154.166 0
0.252597 -0.967572 0
283.329 152.836 0
0.252626 -0.967564 0
278.491 151.573 0
0.153137 -0.988205 0
273.586 150.635 0
0.153137 -0.988205 0
268.645 149.87 0
0.0512085 -0.998688 0
263.682 149.317 0
0.0512085 -0.998688 0
258.688 149.061 0
-0.942851 -0.285188 0.172336
148.133 228.841 3.83496
-0.942851 -0.285188 -0.172336
148.133 228.841 -3.83496
-0.952003 -0.241709 0.187795
148.133 233.841 4.17898
-0.952003 -0.241709 -0.187795
148.133 233.841 -4.17898
-0.954897 -0.195536 0.223468
148.133 238.841 4.9728
-0.954897 -0.195536 -0.223468
148.133 238.841 -4.9728
-0.956958 -0.147354 0.250036
148.133 243.841 5.56402
-0.956958 -0.147354 -0.250036
148.133 243.841 -5.56402
-0.956745 -0.101801 0.272534
148.133 248.841 6.06466
-0.956745 -0.101801 -0.272534
148.133 248.841 -6.06466
-0.956875 -0.0606933 0.284089
148.133 253.841 6.32178
-0.956875 -0.0606933 -0.284089
148.133 253.841 -6.32178
-0.956156 -0.0311408 0.291197
148.133 258.841 6.47996
-0.956156 -0.0311408 -0.291197
148.133 258.841 -6.47996
-0.956078 0.013274 0.292811
148.133 263.841 6.51587
-0.956078 0.013274 -0.292811
148.133 263.841 -6.51587
-0.95642 0.0569211 0.286392
148.133 268.841 6.37303
-0.95642 0.0569211 -0.286392
148.133 268.841 -6.37303
-0.955586 0.107561 0.274383
148.133 273.841 6.1058
-0.955586 0.107561 -0.274383
148.133 273.841 -6.1058
-0.956189 0.150078 0.251355
148.133 278.841 5.59335
-0.956189 0.150078 -0.251355
148.133 278.841 -5.59335
-0.952773 0.207045 0.22216
148.133 283.841 4.9437
-0.952773 0.207045 -0.22216
148.133 283.841 -4.9437
-0.955913 0.239327 0.170156
148.133 288.841 3.78646
-0.955913 0.239327 -0.170156
148.133 288.841 -3.78646
-0.95957 0.249057 0.131133
148.133 293.841 2.91809
-0.95957 0.249057 -0.131133
148.133 293.841 -2.91809
-0.899595 -0.400494 0.174165
153.133 218.841 3.87566
-0.899595 -0.400494 -0.174165
153.133 218.841 -3.87566
-0.910642 -0.33664 0.239591
153.133 223.841 5.33158
-0.910642 -0.33664 -0.239591
153.133 223.841 -5.33158
-0.909801 -0.293646 0.293316
153.133 228.841 6.5271
-0.909801 -0.293646 -0.293316
153.133 228.841 -6.5271
-0.9116 -0.244007 0.330825
153.133 233.841 7.36181
-0.9116 -0.244007 -0.330825
153.133 233.841 -7.36181
-0.911881 -0.198071 0.359502
153.133 238.841 7.99993
-0.911881 -0.198071 -0.359502
153.133 238.841 -7.99993
-0.912281 -0.151757 0.380413
153.133 243.841 8.46526
-0.912281 -0.151757 -0.380413
153.133 243.841 -8.46526
-0.912239 -0.107634 0.395266
153.133 248.841 8.79578
-0.912239 -0.107634 -0.395266
153.133 248.841 -8.79578
-0.912132 -0.0659026 0.404565
153.133 253.841 9.00271
-0.912132 -0.0659026 -0.404565
153.133 253.841 -9.00271
-0.911928 -0.0264351 0.409497
153.133 258.841 9.11248
-0.911928 -0.0264351 -0.409497
153.133 258.841 -9.11248
-0.911834 0.015572 0.410265
153.133 263.841 9.12955
-0.911834 0.015572 -0.410265
153.133 263.841 -9.12955
-0.911832 0.0595668 0.40622
153.133 268.841 9.03955
-0.911832 0.0595668 -0.40622
153.133 268.841 -9.03955
-0.911702 0.104833 0.397252
153.133 273.841 8.83997
-0.911702 0.104833 -0.397252
153.133 273.841 -8.83997
-0.91167 0.149626 0.382715
153.133 278.841 8.51649
-0.91167 0.149626 -0.382715
153.133 278.841 -8.51649
-0.911655 0.193893 0.36234
153.133 283.841 8.0631
-0.911655 0.193893 -0.36234
153.133 283.841 -8.0631
-0.913375 0.232217 0.334397
153.133 288.841 7.44129
-0.913375 0.232217 -0.334397
153.133 288.841 -7.44129
-0.915938 0.266379 0.300167
153.133 293.841 6.67958
-0.915938 0.266379 -0.300167
153.133 293.841 -6.67958
-0.915928 0.315342 0.248265
153.133 298.841 5.52461
-0.915928 0.315342 -0.248265
153.133 298.841 -5.52461
-0.924031 0.344357 0.16609
153.133 303.841 3.69597
-0.924031 0.344357 -0.16609
153.133 303.841 -3.69597
-0.853676 -0.495153 0.161437
158.133 208.841 3.59242
-0.853676 -0.495153 -0.161437
158.133 208.841 -3.59242
-0.863966 -0.429563 0.262752
158.133 213.841 5.84698
-0.863966 -0.429563 -0.262752
158.133 213.841 -5.84698
-0.863006 -0.386395 0.325452
158.133 218.841 7.24223
-0.863006 -0.386395 -0.325452
158.133 218.841 -7.24223
-0.864805 -0.338446 0.370899
158.133 223.841 8.25355
-0.864805 -0.338446 -0.370899
158.133 223.841 -8.25355
-0.865672 -0.292113 0.406548
158.133 228.841 9.04686
-0.865672 -0.292113 -0.406548
158.133 228.841 -9.04686
-0.866449 -0.245638 0.434658
158.133 233.841 9.67238
-0.866449 -0.245638 -0.434658
158.133 233.841 -9.67238
-0.866935 -0.199817 0.456614
158.133 238.841 10.161
-0.866935 -0.199817 -0.456614
158.133 238.841 -10.161
-0.867223 -0.154685 0.473283
158.133 243.841 10.5319
-0.867223 -0.154685 -0.473283
158.133 243.841 -10.5319
-0.867331 -0.110679 0.48527
158.133 248.841 10.7986
-0.867331 -0.110679 -0.48527
158.133 248.841 -10.7986
-0.867335 -0.0679134 0.493069
158.133 253.841 10.9722
-0.867335 -0.0679134 -0.493069
158.133 253.841 -10.9722
-0.8673 -0.0258319 0.497116
158.133 258.841 11.0622
-0.8673 -0.0258319 -0.497116
158.133 258.841 -11.0622
-0.867283 0.0167865 0.497533
158.133 263.841 11.0715
-0.867283 0.0167865 -0.497533
158.133 263.841 -11.0715
-0.867295 0.0602781 0.494132
158.133 268.841 10.9958
-0.867295 0.0602781 -0.494132
158.133 268.841 -10.9958
-0.867327 0.104269 0.486695
158.133 273.841 10.8303
-0.867327 0.104269 -0.486695
158.133 273.841 -10.8303
-0.867452 0.148076 0.474975
158.133 278.841 10.5695
-0.867452 0.148076 -0.474975
158.133 278.841 -10.5695
-0.867835 0.190919 0.458708
158.133 283.841 10.2075
-0.867835 0.190919 -0.458708
158.133 283.841 -10.2075
-0.868719 0.231966 0.43763
158.133 288.841 9.73851
-0.868719 0.231966 -0.43763
158.133 288.841 -9.73851
-0.86974 0.272707 0.411319
158.133 293.841 9.153
-0.86974 0.272707 -0.411319
158.133 293.841 -9.153
-0.870454 0.315442 0.377897
158.133 298.841 8.40928
-0.870454 0.315442 -0.377897
158.133 298.841 -8.40928
-0.870698 0.359558 0.335563
158.133 303.841 7.46723
-0.870698 0.359558 -0.335563
158.133 303.841 -7.46723
-0.870008 0.406738 0.278658
158.133 308.841 6.20092
-0.870008 0.406738 -0.278658
158.133 308.841 -6.20092
-0.874602 0.442227 0.19876
158.133 313.841 4.42298
-0.874602 0.442227 -0.19876
158.133 313.841 -4.42298
-0.84107 -0.522341 0.140576
163.133 198.841 3.12821
-0.84107 -0.522341 -0.140576
163.133 198.841 -3.12821
-0.826278 -0.504576 0.250335
163.133 203.841 5.57067
-0.826278 -0.504576 -0.250335
163.133 203.841 -5.57067
-0.819668 -0.471869 0.324782
163.133 208.841 7.22732
-0.819668 -0.471869 -0.324782
163.133 208.841 -7.22732
-0.819355 -0.428219 0.381164
163.133 213.841 8.48198
-0.819355 -0.428219 -0.381164
163.133 213.841 -8.48198
-0.81989 -0.383129 0.425432
163.133 218.841 9.46706
-0.81989 -0.383129 -0.425432
163.133 218.841 -9.46706
-0.820542 -0.337528 0.461288
163.133 223.841 10.265
-0.820542 -0.337528 -0.461288
163.133 223.841 -10.265
-0.821169 -0.291844 0.490418
163.133 228.841 10.9132
-0.821169 -0.291844 -0.490418
163.133 228.841 -10.9132
-0.824403 0.275119 0.49464
163.133 293.841 11.0071
-0.824403 0.275119 -0.49464
163.133 293.841 -11.0071
-0.824811 0.318358 0.467262
163.133 298.841 10.3979
-0.824811 0.318358 -0.467262
163.133 298.841 -10.3979
-0.824917 0.362698 0.433547
163.133 303.841 9.64764
-0.824917 0.362698 -0.433547
163.133 303.841 -9.64764
-0.824784 0.407796 0.391707
163.133 308.841 8.7166
-0.824784 0.407796 -0.391707
163.133 308.841 -8.7166
-0.823892 0.454263 0.338891
163.133 313.841 7.54128
-0.823892 0.454263 -0.338891
163.133 313.841 -7.54128
-0.823813 0.499185 0.268601
163.133 318.841 5.97712
-0.823813 0.499185 -0.268601
163.133 318.841 -5.97712
-0.816667 0.544841 0.190272
163.133 323.841 4.23409
-0.816667 0.544841 -0.190272
163.133 323.841 -4.23409
-0.785698 -0.586082 0.197955
168.133 193.841 4.40506
-0.785698 -0.586082 -0.197955
168.133 193.841 -4.40506
-0.782629 -0.548492 0.294362
168.133 198.841 6.55039
-0.782629 -0.548492 -0.294362
168.133 198.841 -6.55039
-0.78106 -0.506247 0.365594
168.133 203.841 8.1355
-0.78106 -0.506247 -0.365594
168.133 203.841 -8.1355
-0.77795 -0.466996 0.420368
168.133 208.841 9.35439
-0.77795 -0.466996 -0.420368
168.133 208.841 -9.35439
-0.776536 -0.424959 0.465191
168.133 213.841 10.3518
-0.776536 -0.424959 -0.465191
168.133 213.841 -10.3518
-0.779258 0.40951 0.474403
168.133 308.841 10.5568
-0.779258 0.40951 -0.474403
168.133 308.841 -10.5568
-0.778753 0.455051 0.431825
168.133 313.841 9.60933
-0.778753 0.455051 -0.431825
168.133 313.841 -9.60933
-0.778024 0.500865 0.379228
168.133 318.841 8.43889
-0.778024 0.500865 -0.379228
168.133 318.841 -8.43889
-0.776005 0.548541 0.311318
168.133 323.841 6.92772
-0.776005 0.548541 -0.311318
168.133 323.841 -6.92772
-0.781214 0.589178 0.206334
168.133 328.841 4.59152
-0.781214 0.589178 -0.206334
168.133 328.841 -4.59152
-0.734907 -0.643688 0.213489
173.133 188.841 4.75074
-0.734907 -0.643688 -0.213489
173.133 188.841 -4.75074
-0.738246 -0.592604 0.322202
173.133 193.841 7.16992
-0.738246 -0.592604 -0.322202
173.133 193.841 -7.16992
-0.736941 -0.54995 0.39303
173.133 198.841 8.74603
-0.736941 -0.54995 -0.39303
173.133 198.841 -8.74603
-0.735398 -0.507778 0.448723
173.133 203.841 9.98535
-0.735398 -0.507778 -0.448723
173.133 203.841 -9.98535
-0.733818 -0.465897 0.494419
173.133 208.841 11.0022
-0.733818 -0.465897 -0.494419
173.133 208.841 -11.0022
-0.732952 0.501342 0.459823
173.133 318.841 10.2324
-0.732952 0.501342 -0.459823
173.133 318.841 -10.2324
-0.732 0.547241 0.405836
173.133 323.841 9.03099
-0.732 0.547241 -0.405836
173.133 323.841 -9.03099
-0.730335 0.593668 0.33789
173.133 328.841 7.51902
-0.730335 0.593668 -0.33789
173.133 328.841 -7.51902
-0.726807 0.641383 0.245723
173.133 333.841 5.46803
-0.726807 0.641383 -0.245723
173.133 333.841 -5.46803
-0.689168 -0.684939 0.236445
178.133 183.841 5.26156
-0.689168 -0.684939 -0.236445
178.133 183.841 -5.26156
-0.691949 -0.639445 0.335136
178.133 188.841 7.45772
-0.691949 -0.639445 -0.335136
178.133 188.841 -7.45772
-0.691343 -0.595524 0.409142
178.133 193.841 9.10456
-0.691343 -0.595524 -0.409142
178.133 193.841 -9.10456
-0.690829 -0.551784 0.467214
178.133 198.841 10.3968
-0.690829 -0.551784 -0.467214
178.133 198.841 -10.3968
-0.687622 0.546712 0.477788
178.133 323.841 10.6321
-0.687622 0.546712 -0.477788
178.133 323.841 -10.6321
-0.686693 0.592386 0.421344
178.133 328.841 9.37611
-0.686693 0.592386 -0.421344
178.133 328.841 -9.37611
-0.685751 0.637974 0.350335
178.133 333.841 7.79595
-0.685751 0.637974 -0.350335
178.133 333.841 -7.79595
-0.679795 0.688075 0.253833
178.133 338.841 5.64851
-0.679795 0.688075 -0.253833
178.133 338.841 -5.64851
-0.672477 0.72162 0.164436
178.133 343.841 3.65917
-0.672477 0.72162 -0.164436
178.133 343.841 -3.65917
-0.65074 -0.72792 0.216032
183.133 178.841 4.80733
-0.65074 -0.72792 -0.216032
183.133 178.841 -4.80733
-0.644369 -0.686846 0.336202
183.133 183.841 7.48145
-0.644369 -0.686846 -0.336202
183.133 183.841 -7.48145
-0.645141 -0.641516 0.41503
183.133 188.841 9.2356
-0.645141 -0.641516 -0.41503
183.133 188.841 -9.2356
-0.645254 -0.597031 0.476657
183.133 193.841 10.607
-0.645254 -0.597031 -0.476657
183.133 193.841 -10.607
-0.643304 0.590836 0.486901
183.133 328.841 10.8349
-0.643304 0.590836 -0.486901
183.133 328.841 -10.8349
-0.643295 0.635508 0.426968
183.133 333.841 9.50125
-0.643295 0.635508 -0.426968
183.133 333.841 -9.50125
-0.64423 0.679331 0.351392
183.133 338.841 7.81948
-0.64423 0.679331 -0.351392
183.133 338.841 -7.81948
-0.652049 0.716769 0.24713
183.133 343.841 5.49934
-0.652049 0.716769 -0.24713
183.133 343.841 -5.49934
-0.593162 -0.777933 0.207315
188.133 173.841 4.61335
-0.593162 -0.777933 -0.207315
188.133 173.841 -4.61335
-0.59667 -0.733571 0.325358
188.133 178.841 7.24015
-0.59667 -0.733571 -0.325358
188.133 178.841 -7.24015
-0.598537 -0.687608 0.411034
188.133 183.841 9.14668
-0.598537 -0.687608 -0.411034
188.133 183.841 -9.14668
-0.59914 -0.642676 0.477492
188.133 188.841 10.6256
-0.59914 -0.642676 -0.477492
188.133 188.841 -10.6256
-0.600648 0.633334 0.487964
188.133 333.841 10.8586
-0.600648 0.633334 -0.487964
188.133 333.841 -10.8586
-0.603073 0.675847 0.423713
188.133 338.841 9.42882
-0.603073 0.675847 -0.423713
188.133 338.841 -9.42882
-0.608153 0.71594 0.342899
188.133 343.841 7.63047
-0.608153 0.71594 -0.342899
188.133 343.841 -7.63047
-0.607623 0.761265 0.226429
188.133 348.841 5.03868
-0.607623 0.761265 -0.226429
188.133 348.841 -5.03868
-0.528675 -0.839557 0.125091
193.133 168.841 2.78364
-0.528675 -0.839557 -0.125091
193.133 168.841 -2.78364
-0.550708 -0.778685 0.300615
193.133 173.841 6.68954
-0.550708 -0.778685 -0.300615
193.133 173.841 -6.68954
-0.551562 -0.733682 0.396851
193.133 178.841 8.83107
-0.551562 -0.733682 -0.396851
193.133 178.841 -8.83107
-0.552746 -0.688359 0.469716
193.133 183.841 10.4525
-0.552746 -0.688359 -0.469716
193.133 183.841 -10.4525
-0.558735 0.675225 0.481547
193.133 338.841 10.7158
-0.558735 0.675225 -0.481547
193.133 338.841 -10.7158
-0.561584 0.71757 0.411966
193.133 343.841 9.16742
-0.561584 0.71757 -0.411966
193.133 343.841 -9.16742
-0.564995 0.759737 0.321838
193.133 348.841 7.16181
-0.564995 0.759737 -0.321838
193.133 348.841 -7.16181
-0.579781 0.795148 0.177743
193.133 353.841 3.95529
-0.579781 0.795148 -0.177743
193.133 353.841 -3.95529
-0.503132 -0.824862 0.257799
198.133 168.841 5.73676
-0.503132 -0.824862 -0.257799
198.133 168.841 -5.73676
-0.504291 -0.779584 0.371402
198.133 173.841 8.26474
-0.504291 -0.779584 -0.371402
198.133 173.841 -8.26474
-0.506371 -0.733837 0.452848
198.133 178.841 10.0771
-0.506371 -0.733837 -0.452848
198.133 178.841 -10.0771
-0.515224 0.718656 0.466989
198.133 343.841 10.3918
-0.515224 0.718656 -0.466989
198.133 343.841 -10.3918
-0.517157 0.762008 0.389733
198.133 348.841 8.67267
-0.517157 0.762008 -0.389733
198.133 348.841 -8.67267
-0.516928 0.807599 0.283848
198.133 353.841 6.31642
-0.516928 0.807599 -0.283848
198.133 353.841 -6.31642
-0.515823 0.840508 0.165752
198.133 358.841 3.68845
-0.515823 0.840508 -0.165752
198.133 358.841 -3.68845
-0.443938 -0.877833 0.179801
203.133 163.841 4.00109
-0.443938 -0.877833 -0.179801
203.133 163.841 -4.00109
-0.458041 -0.824515 0.332225
203.133 168.841 7.39296
-0.458041 -0.824515 -0.332225
203.133 168.841 -7.39296
-0.460708 -0.778761 0.425769
203.133 173.841 9.47456
-0.460708 -0.778761 -0.425769
203.133 173.841 -9.47456
-0.461908 -0.733604 0.498463
203.133 178.841 11.0922
-0.461908 -0.733604 -0.498463
203.133 178.841 -11.0922
-0.46983 0.763652 0.442828
203.133 348.841 9.85417
-0.46983 0.763652 -0.442828
203.133 348.841 -9.85417
-0.471172 0.807734 0.354348
203.133 353.841 7.88525
-0.471172 0.807734 -0.354348
203.133 353.841 -7.88525
-0.471756 0.850631 0.232106
203.133 358.841 5.16502
-0.471756 0.850631 -0.232106
203.133 358.841 -5.16502
-0.421616 -0.86562 0.270079
208.133 163.841 6.01002
-0.421616 -0.86562 -0.270079
208.133 163.841 -6.01002
-0.417912 -0.822205 0.386431
208.133 168.841 8.59918
-0.417912 -0.822205 -0.386431
208.133 168.841 -8.59918
-0.417751 -0.777721 0.469717
208.133 173.841 10.4525
-0.417751 -0.777721 -0.469717
208.133 173.841 -10.4525
-0.422687 0.76491 0.486054
208.133 348.841 10.8161
-0.422687 0.76491 -0.486054
208.133 348.841 -10.8161
-0.422918 0.809579 0.40709
208.133 353.841 9.0589
-0.422918 0.809579 -0.40709
208.133 353.841 -9.0589
-0.422469 0.854863 0.301213
208.133 358.841 6.70285
-0.422469 0.854863 -0.301213
208.133 358.841 -6.70285
-0.43432 0.894394 0.106889
208.133 363.841 2.37859
-0.43432 0.894394 -0.106889
208.133 363.841 -2.37859
-0.393797 -0.897949 0.196498
213.133 158.841 4.37263
-0.393797 -0.897949 -0.196498
213.133 158.841 -4.37263
-0.382589 -0.862125 0.332216
213.133 163.841 7.39274
-0.382589 -0.862125 -0.332216
213.133 163.841 -7.39274
-0.376791 -0.820333 0.430212
213.133 168.841 9.57344
-0.376791 -0.820333 -0.430212
213.133 168.841 -9.57344
-0.375544 0.810719 0.449113
213.133 353.841 9.99403
-0.375544 0.810719 -0.449113
213.133 353.841 -9.99403
-0.375108 0.855782 0.356274
213.133 358.841 7.9281
-0.375108 0.855782 -0.356274
213.133 358.841 -7.9281
-0.366065 0.904426 0.219113
213.133 363.841 4.87587
-0.366065 0.904426 -0.219113
213.133 363.841 -4.87587
-0.338506 -0.906628 0.25187
218.133 158.841 5.60483
-0.338506 -0.906628 -0.25187
218.133 158.841 -5.60483
-0.335658 -0.863239 0.377032
218.133 163.841 8.39003
-0.335658 -0.863239 -0.377032
218.133 163.841 -8.39003
-0.332517 -0.820013 0.465844
218.133 168.841 10.3664
-0.332517 -0.820013 -0.465844
218.133 168.841 -10.3664
-0.32842 0.811597 0.483167
218.133 353.841 10.7518
-0.32842 0.811597 -0.483167
218.133 353.841 -10.7518
-0.327186 0.856915 0.398304
218.133 358.841 8.86339
-0.327186 0.856915 -0.398304
218.133 358.841 -8.86339
-0.326857 0.902153 0.281575
218.133 363.841 6.26585
-0.326857 0.902153 -0.281575
218.133 363.841 -6.26585
-0.274515 -0.948321 0.159152
223.133 153.841 3.54159
-0.274515 -0.948321 -0.159152
223.133 153.841 -3.54159
-0.29187 -0.907456 0.302217
223.133 158.841 6.72519
-0.29187 -0.907456 -0.302217
223.133 158.841 -6.72519
-0.288909 -0.864028 0.412296
223.133 163.841 9.17475
-0.288909 -0.864028 -0.412296
223.133 163.841 -9.17475
-0.286855 -0.820333 0.49474
223.133 168.841 11.0094
-0.286855 -0.820333 -0.49474
223.133 168.841 -11.0094
-0.280226 0.857479 0.431512
223.133 358.841 9.60238
-0.280226 0.857479 -0.431512
223.133 358.841 -9.60238
-0.277031 0.903265 0.327668
223.133 363.841 7.29155
-0.277031 0.903265 -0.327668
223.133 363.841 -7.29155
-0.257154 0.957893 0.127724
223.133 368.841 2.84222
-0.257154 0.957893 -0.127724
223.133 368.841 -2.84222
-0.244683 -0.950513 0.191457
228.133 153.841 4.26047
-0.244683 -0.950513 -0.191457
228.133 153.841 -4.26047
-0.242119 -0.909423 0.338125
228.133 158.841 7.52424
-0.242119 -0.909423 -0.338125
228.133 158.841 -7.52424
-0.241557 -0.864978 0.439844
228.133 163.841 9.78778
-0.241557 -0.864978 -0.439844
228.133 163.841 -9.78778
-0.23411 0.857775 0.457618
228.133 358.841 10.1833
-0.23411 0.857775 -0.457618
228.133 358.841 -10.1833
-0.231307 0.903402 0.361057
228.133 363.841 8.03455
-0.231307 0.903402 -0.361057
228.133 363.841 -8.03455
-0.235222 0.949486 0.207718
228.133 368.841 4.62231
-0.235222 0.949486 -0.207718
228.133 368.841 -4.62231
-0.189113 -0.954572 0.230278
233.133 153.841 5.12434
-0.189113 -0.954572 -0.230278
233.133 153.841 -5.12434
-0.194263 -0.910235 0.365697
233.133 158.841 8.13779
-0.194263 -0.910235 -0.365697
233.133 158.841 -8.13779
-0.194536 -0.865756 0.46111
233.133 163.841 10.261
-0.194536 -0.865756 -0.46111
233.133 163.841 -10.261
-0.189249 0.857754 0.477958
233.133 358.841 10.6359
-0.189249 0.857754 -0.477958
233.133 358.841 -10.6359
-0.186495 0.903174 0.386647
233.133 363.841 8.604
-0.186495 0.903174 -0.386647
233.133 363.841 -8.604
-0.175993 0.950245 0.257025
233.133 368.841 5.71953
-0.175993 0.950245 -0.257025
233.133 368.841 -5.71953
-0.145443 -0.955585 0.256328
238.133 153.841 5.70403
-0.145443 -0.955585 -0.256328
238.133 153.841 -5.70403
-0.14674 -0.911054 0.385289
238.133 158.841 8.57377
-0.14674 -0.911054 -0.385289
238.133 158.841 -8.57377
-0.148048 -0.866424 0.476856
238.133 163.841 10.6114
-0.148048 -0.866424 -0.476856
238.133 163.841 -10.6114
-0.145454 0.857539 0.493427
238.133 358.841 10.9801
-0.145454 0.857539 -0.493427
238.133 358.841 -10.9801
-0.145177 0.90258 0.405305
238.133 363.841 9.01919
-0.145177 0.90258 -0.405305
238.133 363.841 -9.01919
-0.146193 0.94791 0.283009
238.133 368.841 6.29774
-0.146193 0.94791 -0.283009
238.133 368.841 -6.29774
-0.0952314 -0.956081 0.277201
243.133 153.841 6.16851
-0.0952314 -0.956081 -0.277201
243.133 153.841 -6.16851
-0.100962 -0.911529 0.39865
243.133 158.841 8.8711
-0.100962 -0.911529 -0.39865
243.133 158.841 -8.8711
-0.102563 -0.866981 0.487673
243.133 163.841 10.8521
-0.102563 -0.866981 -0.487673
243.133 163.841 -10.8521
-0.103458 0.901975 0.419211
243.133 363.841 9.32863
-0.103458 0.901975 -0.419211
243.133 363.841 -9.32863
-0.110125 0.946007 0.304865
243.133 368.841 6.78412
-0.110125 0.946007 -0.304865
243.133 368.841 -6.78412
-0.146149 0.984945 0.0923233
243.133 373.841 2.05445
-0.146149 0.984945 -0.0923233
243.133 373.841 -2.05445
-0.0558629 -0.956549 0.28617
248.133 153.841 6.36809
-0.0558629 -0.956549 -0.28617
248.133 153.841 -6.36809
-0.0578471 -0.912024 0.406036
248.133 158.841 9.03545
-0.0578471 -0.912024 -0.406036
248.133 158.841 -9.03545
-0.0582226 -0.867476 0.494061
248.133 163.841 10.9942
-0.0582226 -0.867476 -0.494061
248.133 163.841 -10.9942
-0.0584918 0.90187 0.42803
248.133 363.841 9.52487
-0.0584918 0.90187 -0.42803
248.133 363.841 -9.52487
-0.0607724 0.94678 0.316093
248.133 368.841 7.03398
-0.0607724 0.94678 -0.316093
248.133 368.841 -7.03398
-0.0531573 0.993065 0.10486
248.133 373.841 2.33343
-0.0531573 0.993065 -0.10486
248.133 373.841 -2.33343
-0.0229585 -0.956521 0.290759
253.133 153.841 6.4702
-0.0229585 -0.956521 -0.290759
253.133 153.841 -6.4702
-0.0163109 -0.912492 0.40877
253.133 158.841 9.09629
-0.0163109 -0.912492 -0.40877
253.133 158.841 -9.09629
-0.0143932 -0.867842 0.496631
253.133 163.841 11.0514
-0.0143932 -0.867842 -0.496631
253.133 163.841 -11.0514
-0.0119847 0.901827 0.431931
253.133 363.841 9.61169
-0.0119847 0.901827 -0.431931
253.133 363.841 -9.61169
-0.0148007 0.946675 0.32185
253.133 368.841 7.16207
-0.0148007 0.946675 -0.32185
253.133 368.841 -7.16207
-0.0412035 0.991842 0.120631
253.133 373.841 2.68437
-0.0412035 0.991842 -0.120631
253.133 373.841 -2.68437
0.0250746 -0.957556 0.287154
258.133 153.841 6.39
0.0250746 -0.957556 -0.287154
258.133 153.841 -6.39
0.0277971 -0.912645 0.407806
258.133 158.841 9.07485
0.0277971 -0.912645 -0.407806
258.133 158.841 -9.07485
0.0301427 -0.867874 0.495869
258.133 163.841 11.0345
0.0301427 -0.867874 -0.495869
258.133 163.841 -11.0345
0.0354655 0.901712 0.43088
258.133 363.841 9.58831
0.0354655 0.901712 -0.43088
258.133 363.841 -9.58831
0.0360952 0.946708 0.320063
258.133 368.841 7.12231
0.0360952 0.946708 -0.320063
258.133 368.841 -7.12231
0.0475571 0.991948 0.117374
258.133 373.841 2.61191
0.0475571 0.991948 -0.117374
258.133 373.841 -2.61191
0.0695934 -0.956791 0.282325
263.133 153.841 6.28254
0.0695934 -0.956791 -0.282325
263.133 153.841 -6.28254
0.0742352 -0.912008 0.4034
263.133 158.841 8.97678
0.0742352 -0.912008 -0.4034
263.133 158.841 -8.97678
0.0759001 -0.867471 0.491663
263.133 163.841 10.9409
0.0759001 -0.867471 -0.491663
263.133 163.841 -10.9409
0.0829932 0.901417 0.424923
263.133 363.841 9.45575
0.0829932 0.901417 -0.424923
263.133 363.841 -9.45575
0.0831388 0.946288 0.312453
263.133 368.841 6.95296
0.0831388 0.946288 -0.312453
263.133 368.841 -6.95296
0.0582819 0.992638 0.106178
263.133 373.841 2.36275
0.0582819 0.992638 -0.106178
263.133 373.841 -2.36275
0.126285 -0.955651 0.266051
268.133 153.841 5.92039
0.126285 -0.955651 -0.266051
268.133 153.841 -5.92039
0.122563 -0.911199 0.393313
268.133 158.841 8.75234
0.122563 -0.911199 -0.393313
268.133 158.841 -8.75234
0.122644 -0.866851 0.483247
268.133 163.841 10.7536
0.122644 -0.866851 -0.483247
268.133 163.841 -10.7536
0.128241 0.856569 0.499844
268.133 358.841 11.1229
0.128241 0.856569 -0.499844
268.133 358.841 -11.1229
0.130329 0.901034 0.413705
268.133 363.841 9.20612
0.130329 0.901034 -0.413705
268.133 363.841 -9.20612
0.134415 0.945323 0.297149
268.133 368.841 6.61242
0.134415 0.945323 -0.297149
268.133 368.841 -6.61242
0.149993 0.984231 0.0937621
268.133 373.841 2.08647
0.149993 0.984231 -0.0937621
268.133 373.841 -2.08647
0.166278 -0.956962 0.237854
273.133 153.841 5.29293
0.166278 -0.956962 -0.237854
273.133 153.841 -5.29293
0.170726 -0.910408 0.376842
273.133 158.841 8.3858
0.170726 -0.910408 -0.376842
273.133 158.841 -8.3858
0.169761 -0.866199 0.46998
273.133 163.841 10.4584
0.169761 -0.866199 -0.46998
273.133 163.841 -10.4584
0.173573 0.856519 0.486053
273.133 358.841 10.8161
0.173573 0.856519 -0.486053
273.133 358.841 -10.8161
0.176493 0.900704 0.396967
273.133 363.841 8.83364
0.176493 0.900704 -0.396967
273.133 363.841 -8.83364
0.179664 0.944684 0.274395
273.133 368.841 6.10606
0.179664 0.944684 -0.274395
273.133 368.841 -6.10606
0.233793 -0.952905 0.193167
278.133 153.841 4.29851
0.233793 -0.952905 -0.193167
278.133 153.841 -4.29851
0.219714 -0.909395 0.353166
278.133 158.841 7.85895
0.219714 -0.909395 -0.353166
278.133 158.841 -7.85895
0.216697 -0.86563 0.451361
278.133 163.841 10.0441
0.216697 -0.86563 -0.451361
278.133 163.841 -10.0441
0.217399 0.856826 0.467533
278.133 358.841 10.4039
0.217399 0.856826 -0.467533
278.133 358.841 -10.4039
0.219876 0.901118 0.373685
278.133 363.841 8.31556
0.219876 0.901118 -0.373685
278.133 363.841 -8.31556
0.230327 0.942611 0.24173
278.133 368.841 5.37917
0.230327 0.942611 -0.24173
278.133 368.841 -5.37917
0.254826 -0.961457 0.103269
283.133 153.841 2.29804
0.254826 -0.961457 -0.103269
283.133 153.841 -2.29804
0.266489 -0.908722 0.321259
283.133 158.841 7.14891
0.266489 -0.908722 -0.321259
283.133 158.841 -7.14891
0.262713 -0.865318 0.426858
283.133 163.841 9.49879
0.262713 -0.865318 -0.426858
283.133 163.841 -9.49879
0.259995 0.857436 0.444078
283.133 358.841 9.882
0.259995 0.857436 -0.444078
283.133 358.841 -9.882
0.257685 0.902963 0.343885
283.133 363.841 7.65241
0.257685 0.902963 -0.343885
283.133 363.841 -7.65241
0.25282 0.947389 0.196307
283.133 368.841 4.36838
0.25282 0.947389 -0.196307
283.133 368.841 -4.36838
0.315014 -0.907321 0.278451
288.133 158.841 6.19632
0.315014 -0.907321 -0.278451
288.133 158.841 -6.19632
0.306394 -0.865877 0.395448
288.133 163.841 8.79985
0.306394 -0.865877 -0.395448
288.133 163.841 -8.79985
0.304259 -0.821971 0.481446
288.133 168.841 10.7135
0.304259 -0.821971 -0.481446
288.133 168.841 -10.7135
0.305343 0.812413 0.49674
288.133 353.841 11.0539
0.305343 0.812413 -0.49674
288.133 353.841 -11.0539
0.303525 0.857831 0.414728
288.133 358.841 9.22888
0.303525 0.857831 -0.414728
288.133 358.841 -9.22888
0.300577 0.903453 0.305657
288.133 363.841 6.80174
0.300577 0.903453 -0.305657
288.133 363.841 -6.80174
0.273256 0.949559 0.153845
288.133 368.841 3.42349
0.273256 0.949559 -0.153845
288.133 368.841 -3.42349
0.344112 -0.913493 0.217064
293.133 158.841 4.83029
0.344112 -0.913493 -0.217064
293.133 158.841 -4.83029
0.345571 -0.868071 0.356419
293.133 163.841 7.93133
0.345571 -0.868071 -0.356419
293.133 163.841 -7.93133
0.347135 -0.822804 0.449991
293.133 168.841 10.0136
0.347135 -0.822804 -0.449991
293.133 168.841 -10.0136
0.350603 0.812205 0.466263
293.133 353.841 10.3757
0.350603 0.812205 -0.466263
293.133 353.841 -10.3757
0.34833 0.857872 0.377784
293.133 358.841 8.40676
0.34833 0.857872 -0.377784
293.133 358.841 -8.40676
0.343635 0.904123 0.253922
293.133 363.841 5.65049
0.343635 0.904123 -0.253922
293.133 363.841 -5.65049
0.357646 -0.924879 0.12918
298.133 158.841 2.87462
0.357646 -0.924879 -0.12918
298.133 158.841 -2.87462
0.387789 -0.869202 0.30677
298.133 163.841 6.82649
0.387789 -0.869202 -0.30677
298.133 163.841 -6.82649
0.390538 -0.823543 0.411408
298.133 168.841 9.155
0.390538 -0.823543 -0.411408
298.133 168.841 -9.155
0.392326 -0.778107 0.490541
298.133 173.841 10.9159
0.392326 -0.778107 -0.490541
298.133 173.841 -10.9159
0.396712 0.811655 0.428761
298.133 353.841 9.54115
0.396712 0.811655 -0.428761
298.133 353.841 -9.54115
0.395866 0.856933 0.330086
298.133 358.841 7.34535
0.395866 0.856933 -0.330086
298.133 358.841 -7.34535
0.396077 0.89721 0.195288
298.133 363.841 4.34572
0.396077 0.89721 -0.195288
298.133 363.841 -4.34572
0.43046 -0.869935 0.240662
303.133 163.841 5.35541
0.43046 -0.869935 -0.240662
303.133 163.841 -5.35541
0.434829 -0.824003 0.36324
303.133 168.841 8.08312
0.434829 -0.824003 -0.36324
303.133 168.841 -8.08312
0.437364 -0.778097 0.450863
303.133 173.841 10.033
0.437364 -0.778097 -0.450863
303.133 173.841 -10.033
0.444143 0.765591 0.465411
303.133 348.841 10.3567
0.444143 0.765591 -0.465411
303.133 348.841 -10.3567
0.443437 0.810715 0.382236
303.133 353.841 8.50584
0.443437 0.810715 -0.382236
303.133 353.841 -8.50584
0.439283 0.858326 0.265153
303.133 358.841 5.90041
0.439283 0.858326 -0.265153
303.133 358.841 -5.90041
0.470602 -0.864202 0.178014
308.133 163.841 3.96132
0.470602 -0.864202 -0.178014
308.133 163.841 -3.96132
0.482855 -0.822886 0.299515
308.133 168.841 6.66507
0.482855 -0.822886 -0.299515
308.133 168.841 -6.66507
0.483135 -0.777777 0.402048
308.133 173.841 8.94671
0.483135 -0.777777 -0.402048
308.133 173.841 -8.94671
0.484535 -0.732285 0.478524
308.133 178.841 10.6485
0.484535 -0.732285 -0.478524
308.133 178.841 -10.6485
0.490789 0.719817 0.490907
308.133 343.841 10.9241
0.490789 0.719817 -0.490907
308.133 343.841 -10.9241
0.490919 0.764417 0.417929
308.133 348.841 9.30012
0.490919 0.764417 -0.417929
308.133 348.841 -9.30012
0.491126 0.809203 0.322469
308.133 353.841 7.17584
0.491126 0.809203 -0.322469
308.133 353.841 -7.17584
0.506115 0.84749 0.160025
308.133 358.841 3.56101
0.506115 0.84749 -0.160025
308.133 358.841 -3.56101
0.522382 -0.827868 0.204331
313.133 168.841 4.54695
0.522382 -0.827868 -0.204331
313.133 168.841 -4.54695
0.529415 -0.77705 0.340461
313.133 173.841 7.57622
0.529415 -0.77705 -0.340461
313.133 173.841 -7.57622
0.530798 -0.731469 0.428025
313.133 178.841 9.52477
0.530798 -0.731469 -0.428025
313.133 178.841 -9.52477
0.531543 -0.686319 0.496415
313.133 183.841 11.0466
0.531543 -0.686319 -0.496415
313.133 183.841 -11.0466
0.537505 0.718439 0.441513
313.133 343.841 9.82493
0.537505 0.718439 -0.441513
313.133 343.841 -9.82493
0.538424 0.762522 0.358692
313.133 348.841 7.9819
0.538424 0.762522 -0.358692
313.133 348.841 -7.9819
0.533833 0.810549 0.2409
313.133 353.841 5.36071
0.533833 0.810549 -0.2409
313.133 353.841 -5.36071
0.578218 -0.774695 0.255951
318.133 173.841 5.69563
0.578218 -0.774695 -0.255951
318.133 173.841 -5.69563
0.577115 -0.730589 0.364937
318.133 178.841 8.12089
0.577115 -0.730589 -0.364937
318.133 178.841 -8.12089
0.577949 -0.685147 0.443338
318.133 183.841 9.86552
0.577949 -0.685147 -0.443338
318.133 183.841 -9.86552
0.582895 0.673287 0.454882
318.133 338.841 10.1224
0.582895 0.673287 -0.454882
318.133 338.841 -10.1224
0.584381 0.716683 0.380611
318.133 343.841 8.46968
0.584381 0.716683 -0.380611
318.133 343.841 -8.46968
0.584695 0.761481 0.279784
318.133 348.841 6.22598
0.584695 0.761481 -0.279784
318.133 348.841 -6.22598
0.602355 0.795646 0.0641565
318.133 353.841 1.42766
0.602355 0.795646 -0.0641565
318.133 353.841 -1.42766
0.605279 -0.792197 0.0778506
323.133 173.841 1.7324
0.605279 -0.792197 -0.0778506
323.133 173.841 -1.7324
0.625921 -0.72734 0.281424
323.133 178.841 6.26249
0.625921 -0.72734 -0.281424
323.133 178.841 -6.26249
0.624665 -0.683624 0.377428
323.133 183.841 8.39884
0.624665 -0.683624 -0.377428
323.133 183.841 -8.39884
0.624646 -0.638847 0.449101
323.133 188.841 9.99378
0.624646 -0.638847 -0.449101
323.133 188.841 -9.99378
0.626586 0.629786 0.459087
323.133 333.841 10.216
0.626586 0.629786 -0.459087
323.133 333.841 -10.216
0.629259 0.671772 0.39084
323.133 338.841 8.6973
0.629259 0.671772 -0.39084
323.133 338.841 -8.6973
0.632903 0.713205 0.301283
323.133 343.841 6.70441
0.632903 0.713205 -0.301283
323.133 343.841 -6.70441
0.629623 0.753479 0.189325
323.133 348.841 4.21302
0.629623 0.753479 -0.189325
323.133 348.841 -4.21302
0.666832 -0.722846 0.181186
328.133 178.841 4.03191
0.666832 -0.722846 -0.181186
328.133 178.841 -4.03191
0.670133 -0.683098 0.290343
328.133 183.841 6.46095
0.670133 -0.683098 -0.290343
328.133 183.841 -6.46095
0.671494 -0.636726 0.379046
328.133 188.841 8.43485
0.671494 -0.636726 -0.379046
328.133 188.841 -8.43485
0.670824 -0.59271 0.445746
328.133 193.841 9.91911
0.670824 -0.59271 -0.445746
328.133 193.841 -9.91911
0.670022 -0.549106 0.499553
328.133 198.841 11.1165
0.670022 -0.549106 -0.499553
328.133 198.841 -11.1165
0.66816 0.588728 0.45493
328.133 328.841 10.1235
0.66816 0.588728 -0.45493
328.133 328.841 -10.1235
0.671371 0.629776 0.390695
328.133 333.841 8.69407
0.671371 0.629776 -0.390695
328.133 333.841 -8.69407
0.676335 0.668822 0.308621
328.133 338.841 6.8677
0.676335 0.668822 -0.308621
328.133 338.841 -6.8677
0.673817 0.720842 0.162349
328.133 343.841 3.61273
0.673817 0.720842 -0.162349
328.133 343.841 -3.61273
0.734849 -0.667064 0.122566
333.133 183.841 2.72743
0.734849 -0.667064 -0.122566
333.133 183.841 -2.72743
0.717623 -0.635315 0.285294
333.133 188.841 6.34859
0.717623 -0.635315 -0.285294
333.133 188.841 -6.34859
0.717466 -0.590287 0.369871
333.133 193.841 8.23069
0.717466 -0.590287 -0.369871
333.133 193.841 -8.23069
0.716271 -0.54713 0.433133
333.133 198.841 9.63844
0.716271 -0.54713 -0.433133
333.133 198.841 -9.63844
0.714699 -0.504785 0.484146
333.133 203.841 10.7736
0.714699 -0.504785 -0.484146
333.133 203.841 -10.7736
0.710265 0.502667 0.492798
333.133 318.841 10.9661
0.710265 0.502667 -0.492798
333.133 318.841 -10.9661
0.710062 0.54745 0.442844
333.133 323.841 9.85454
0.710062 0.54745 -0.442844
333.133 323.841 -9.85454
0.71003 0.591954 0.381377
333.133 328.841 8.48672
0.71003 0.591954 -0.381377
333.133 328.841 -8.48672
0.712819 0.633696 0.30053
333.133 333.841 6.68765
0.712819 0.633696 -0.30053
333.133 333.841 -6.68765
0.723901 0.661647 0.195425
333.133 338.841 4.34877
0.723901 0.661647 -0.195425
333.133 338.841 -4.34877
0.752223 -0.637223 0.16765
338.133 188.841 3.73068
0.752223 -0.637223 -0.16765
338.133 188.841 -3.73068
0.766424 -0.584742 0.265839
338.133 193.841 5.91567
0.766424 -0.584742 -0.265839
338.133 193.841 -5.91567
0.762577 -0.544803 0.348806
338.133 198.841 7.76192
0.762577 -0.544803 -0.348806
338.133 198.841 -7.76192
0.760324 -0.503359 0.410532
338.133 203.841 9.1355
0.760324 -0.503359 -0.410532
338.133 203.841 -9.1355
0.757875 -0.462782 0.459845
338.133 208.841 10.2329
0.757875 -0.462782 -0.459845
338.133 208.841 -10.2329
0.75485 0.458235 0.469278
338.133 313.841 10.4428
0.75485 0.458235 -0.469278
338.133 313.841 -10.4428
0.754048 0.503831 0.421387
338.133 318.841 9.37706
0.754048 0.503831 -0.421387
338.133 318.841 -9.37706
0.752972 0.549731 0.361703
338.133 323.841 8.04892
0.752972 0.549731 -0.361703
338.133 323.841 -8.04892
0.75173 0.595058 0.284268
338.133 328.841 6.32576
0.75173 0.595058 -0.284268
338.133 328.841 -6.32576
0.741778 0.651783 0.157939
338.133 333.841 3.51458
0.741778 0.651783 -0.157939
338.133 333.841 -3.51458
0.810494 -0.536741 0.23454
343.133 198.841 5.21919
0.810494 -0.536741 -0.23454
343.133 198.841 -5.21919
0.805984 -0.501522 0.31443
343.133 203.841 6.99695
0.805984 -0.501522 -0.31443
343.133 203.841 -6.99695
0.80121 -0.465061 0.376538
343.133 208.841 8.37904
0.80121 -0.465061 -0.376538
343.133 208.841 -8.37904
0.79995 -0.422661 0.425955
343.133 213.841 9.4787
0.79995 -0.422661 -0.425955
343.133 213.841 -9.4787
0.799777 -0.378547 0.465895
343.133 218.841 10.3675
0.799777 -0.378547 -0.465895
343.133 218.841 -10.3675
0.799865 -0.333971 0.498678
343.133 223.841 11.097
0.799865 -0.333971 -0.498678
343.133 223.841 -11.097
0.800597 0.367392 0.473357
343.133 303.841 10.5335
0.800597 0.367392 -0.473357
343.133 303.841 -10.5335
0.800174 0.412549 0.435344
343.133 308.841 9.68764
0.800174 0.412549 -0.435344
343.133 308.841 -9.68764
0.799306 0.458492 0.388453
343.133 313.841 8.64419
0.799306 0.458492 -0.388453
343.133 313.841 -8.64419
0.798682 0.50396 0.328833
343.133 318.841 7.31748
0.798682 0.50396 -0.328833
343.133 318.841 -7.31748
0.793664 0.556204 0.246445
343.133 323.841 5.48409
0.793664 0.556204 -0.246445
343.133 323.841 -5.48409
0.798159 0.590391 0.11992
343.133 328.841 2.66855
0.798159 0.590391 -0.11992
343.133 328.841 -2.66855
0.850636 -0.508931 0.131941
348.133 203.841 2.93606
0.850636 -0.508931 -0.131941
348.133 203.841 -2.93606
0.840212 -0.474805 0.261924
348.133 208.841 5.82856
0.840212 -0.474805 -0.261924
348.133 208.841 -5.82856
0.843116 -0.425253 0.329114
348.133 213.841 7.32372
0.843116 -0.425253 -0.329114
348.133 213.841 -7.32372
0.843455 -0.380284 0.379431
348.133 218.841 8.44341
0.843455 -0.380284 -0.379431
348.133 218.841 -8.44341
0.844186 -0.334369 0.418983
348.133 223.841 9.32355
0.844186 -0.334369 -0.418983
348.133 223.841 -9.32355
0.84461 -0.2891 0.450617
348.133 228.841 10.0275
0.84461 -0.2891 -0.450617
348.133 228.841 -10.0275
0.844842 -0.244377 0.475944
348.133 233.841 10.5911
0.844842 -0.244377 -0.475944
348.133 233.841 -10.5911
0.844852 -0.200568 0.495982
348.133 238.841 11.037
0.844852 -0.200568 -0.495982
348.133 238.841 -11.037
0.844539 0.193534 0.499299
348.133 283.841 11.1108
0.844539 0.193534 -0.499299
348.133 283.841 -11.1108
0.845088 0.235716 0.479858
348.133 288.841 10.6782
0.845088 0.235716 -0.479858
348.133 288.841 -10.6782
0.845649 0.277927 0.455669
348.133 293.841 10.1399
0.845649 0.277927 -0.455669
348.133 293.841 -10.1399
0.845948 0.321237 0.425651
348.133 298.841 9.47194
0.845948 0.321237 -0.425651
348.133 298.841 -9.47194
0.845755 0.366006 0.388249
348.133 303.841 8.63965
0.845755 0.366006 -0.388249
348.133 303.841 -8.63965
0.845454 0.411274 0.340678
348.133 308.841 7.58105
0.845454 0.411274 -0.340678
348.133 308.841 -7.58105
0.843324 0.458996 0.279511
348.133 313.841 6.21991
0.843324 0.458996 -0.279511
348.133 313.841 -6.21991
0.840503 0.503009 0.201337
348.133 318.841 4.48033
0.840503 0.503009 -0.201337
348.133 318.841 -4.48033
0.887186 -0.42437 0.181141
353.133 213.841 4.03089
0.887186 -0.42437 -0.181141
353.133 213.841 -4.03089
0.885797 -0.384974 0.25915
353.133 218.841 5.76682
0.885797 -0.384974 -0.25915
353.133 218.841 -5.76682
0.889078 -0.333628 0.313422
353.133 223.841 6.97452
0.889078 -0.333628 -0.313422
353.133 223.841 -6.97452
0.889266 -0.288497 0.354931
353.133 228.841 7.89822
0.889266 -0.288497 -0.354931
353.133 228.841 -7.89822
0.889833 -0.242597 0.386451
353.133 233.841 8.59964
0.889833 -0.242597 -0.386451
353.133 233.841 -8.59964
0.88978 -0.198862 0.410787
353.133 238.841 9.14118
0.88978 -0.198862 -0.410787
353.133 238.841 -9.14118
0.889466 -0.156937 0.429209
353.133 243.841 9.55112
0.889466 -0.156937 -0.429209
353.133 243.841 -9.55112
0.888975 -0.11617 0.442977
353.133 248.841 9.85748
0.888975 -0.11617 -0.442977
353.133 248.841 -9.85748
0.888767 -0.073607 0.452411
353.133 253.841 10.0674
0.888767 -0.073607 -0.452411
353.133 253.841 -10.0674
0.888782 -0.0293153 0.457391
353.133 258.841 10.1783
0.888782 -0.0293153 -0.457391
353.133 258.841 -10.1783
0.888799 0.0160057 0.458017
353.133 263.841 10.1922
0.888799 0.0160057 -0.458017
353.133 263.841 -10.1922
0.888738 0.0616716 0.454249
353.133 268.841 10.1083
0.888738 0.0616716 -0.454249
353.133 268.841 -10.1083
0.888581 0.107325 0.445987
353.133 273.841 9.92448
0.888581 0.107325 -0.445987
353.133 273.841 -9.92448
0.88848 0.152213 0.432936
353.133 278.841 9.63405
0.88848 0.152213 -0.432936
353.133 278.841 -9.63405
0.888681 0.195581 0.414721
353.133 283.841 9.22871
0.888681 0.195581 -0.414721
353.133 283.841 -9.22871
0.889828 0.235513 0.39082
353.133 288.841 8.69685
0.889828 0.235513 -0.39082
353.133 288.841 -8.69685
0.891003 0.275151 0.361116
353.133 293.841 8.03585
0.891003 0.275151 -0.361116
353.133 293.841 -8.03585
0.891431 0.318742 0.32211
353.133 298.841 7.16786
0.891431 0.318742 -0.32211
353.133 298.841 -7.16786
0.891954 0.361229 0.271905
353.133 303.841 6.05065
0.891954 0.361229 -0.271905
353.133 303.841 -6.05065
0.88854 0.414926 0.195787
353.133 308.841 4.35681
0.88854 0.414926 -0.195787
353.133 308.841 -4.35681
0.926528 -0.33283 0.175416
358.133 223.841 3.9035
0.926528 -0.33283 -0.175416
358.133 223.841 -3.9035
0.93245 -0.285326 0.221645
358.133 228.841 4.93223
0.93245 -0.285326 -0.221645
358.133 228.841 -4.93223
0.934752 -0.239524 0.262424
358.133 233.841 5.83968
0.934752 -0.239524 -0.262424
358.133 233.841 -5.83968
0.934787 -0.194784 0.297039
358.133 238.841 6.60996
0.934787 -0.194784 -0.297039
358.133 238.841 -6.60996
0.934448 -0.154586 0.320797
358.133 243.841 7.13864
0.934448 -0.154586 -0.320797
358.133 243.841 -7.13864
0.932985 -0.120008 0.33932
358.133 248.841 7.55082
0.932985 -0.120008 -0.33932
358.133 248.841 -7.55082
0.932956 -0.0768071 0.351702
358.133 253.841 7.82637
0.932956 -0.0768071 -0.351702
358.133 253.841 -7.82637
0.933225 -0.0318563 0.357878
358.133 258.841 7.9638
0.933225 -0.0318563 -0.357878
358.133 258.841 -7.9638
0.933328 0.0154043 0.358694
358.133 263.841 7.98196
0.933328 0.0154043 -0.358694
358.133 263.841 -7.98196
0.933318 0.0616642 0.353717
358.133 268.841 7.87121
0.933318 0.0616642 -0.353717
358.133 268.841 -7.87121
0.932778 0.109751 0.343336
358.133 273.841 7.64021
0.932778 0.109751 -0.343336
358.133 273.841 -7.64021
0.932647 0.154843 0.325872
358.133 278.841 7.25157
0.932647 0.154843 -0.325872
358.133 278.841 -7.25157
0.931536 0.202509 0.302044
358.133 283.841 6.72134
0.931536 0.202509 -0.302044
358.133 283.841 -6.72134
0.934671 0.23704 0.264958
358.133 288.841 5.89607
0.934671 0.23704 -0.264958
358.133 288.841 -5.89607
0.940386 0.261315 0.217689
358.133 293.841 4.84419
0.940386 0.261315 -0.217689
358.133 293.841 -4.84419
0.935734 0.332034 0.118981
358.133 298.841 2.64766
0.935734 0.332034 -0.118981
358.133 298.841 -2.64766
0.977696 -0.163423 0.131925
363.133 238.841 2.9357
0.977696 -0.163423 -0.131925
363.133 238.841 -2.9357
0.977162 -0.149509 0.151004
363.133 243.841 3.36026
0.977162 -0.149509 -0.151004
363.133 243.841 -3.36026
0.973819 -0.13553 0.182507
363.133 248.841 4.06129
0.973819 -0.13553 -0.182507
363.133 248.841 -4.06129
0.977461 -0.0720245 0.198451
363.133 253.841 4.41609
0.977461 -0.0720245 -0.198451
363.133 253.841 -4.41609
0.977415 -0.0398858 0.207529
363.133 258.841 4.61811
0.977415 -0.0398858 -0.207529
363.133 258.841 -4.61811
0.977925 0.0238207 0.207592
363.133 263.841 4.61951
0.977925 0.0238207 -0.207592
363.133 263.841 -4.61951
0.979038 0.0560384 0.195815
363.133 268.841 4.35744
0.979038 0.0560384 -0.195815
363.133 268.841 -4.35744
0.975885 0.126506 0.177891
363.133 273.841 3.95858
0.975885 0.126506 -0.177891
363.133 273.841 -3.95858
0.979053 0.150418 0.137224
363.133 278.841 3.05363
0.979053 0.150418 -0.137224
363.133 278.841 -3.05363
0.966044 0.235402 0.106514
363.133 283.841 2.37023
0.966044 0.235402 -0.106514
363.133 283.841 -2.37023
0
