3
84
245.208 197.182 40
242.192 193.194 40
239.176 189.206 40
236.47 185.015 40
234.022 180.656 40
231.613 176.277 40
229.731 171.645 40
227.849 167.013 40
226.278 162.275 40
224.95 157.455 40
223.628 152.633 40
222.839 147.695 40
222.05 142.758 40
221.482 137.797 40
221.217 132.804 40
220.951 127.811 40
221.098 122.818 40
221.344 117.824 40
221.672 112.838 40
222.424 107.895 40
223.176 102.952 40
224.179 98.0602 40
225.434 93.2203 40
226.689 88.3803 40
228.361 83.6724 40
230.12 78.9918 40
231.955 74.3449 40
234.217 69.8859 40
236.479 65.4269 40
238.977 61.1054 40
241.74 56.9378 40
244.502 52.7702 40
247.648 48.8919 40
250.898 45.0925 40
254.187 41.3308 40
257.899 37.9805 40
261.61 34.6302 40
265.467 31.4648 40
269.594 28.6419 40
273.721 25.819 40
278.044 23.3297 40
282.52 21.101 40
286.996 18.8723 40
290.619 20.7813 40
293.849 24.5977 40
296.949 28.5109 40
299.664 32.7097 40
302.379 36.9084 40
304.551 41.4085 40
306.681 45.9322 40
308.385 50.6219 40
309.882 55.3927 40
311.083 60.2348 40
311.925 65.1633 40
312.617 70.1076 40
312.814 75.1037 40
313.011 80.0998 40
312.602 85.0827 40
312.187 90.0654 40
311.383 94.9934 40
310.404 99.8966 40
309.266 104.759 40
307.781 109.534 40
306.295 114.308 40
304.43 118.944 40
302.496 123.554 40
300.455 128.115 40
298.127 132.54 40
295.799 136.965 40
293.272 141.275 40
290.6 145.501 40
287.928 149.727 40
285.026 153.795 40
282.053 157.816 40
279.08 161.836 40
275.891 165.685 40
272.655 169.497 40
269.42 173.309 40
266.011 176.964 40
262.544 180.567 40
259.078 184.17 40
255.501 187.661 40
251.831 191.057 40
248.16 194.452 40
248
-0.79758 0.603213 0
245.208 197.182 40
-0.797593 0.603196 0
242.192 193.194 40
-0.797586 0.603206 0
239.176 189.206 40
-0.87189 0.489702 0
236.47 185.015 40
-0.87189 0.489702 0
234.022 180.656 40
-0.926463 0.376386 0
231.613 176.277 40
-0.926466 0.376379 0
229.731 171.645 40
-0.926461 0.376392 0
227.849 167.013 40
-0.96411 0.265503 0
226.278 162.275 40
-0.964106 0.265517 0
224.95 157.455 40
-0.987465 0.157838 0
223.628 152.633 40
-0.987463 0.157851 0
222.839 147.695 40
-0.987463 0.157853 0
222.05 142.758 40
-0.998586 0.0531611 0
221.482 137.797 40
-0.998586 0.0531611 0
221.217 132.804 40
-0.998586 0.0531611 0
220.951 127.811 40
-0.998786 -0.0492633 0
221.098 122.818 40
-0.998786 -0.0492633 0
221.344 117.824 40
-0.98863 -0.150367 0
221.672 112.838 40
-0.98863 -0.150367 0
222.424 107.895 40
-0.988631 -0.15036 0
223.176 102.952 40
-0.967991 -0.250985 0
224.179 98.0602 40
-0.967991 -0.250985 0
225.434 93.2203 40
-0.967991 -0.250985 0
226.689 88.3803 40
-0.936125 -0.351669 0
228.361 83.6724 40
-0.936127 -0.351662 0
230.12 78.9918 40
-0.891806 -0.452418 0
231.955 74.3449 40
-0.891806 -0.452418 0
234.217 69.8859 40
-0.891803 -0.452424 0
236.479 65.4269 40
-0.833525 -0.552482 0
238.977 61.1054 40
-0.833519 -0.552491 0
241.74 56.9378 40
-0.833523 -0.552484 0
244.502 52.7702 40
-0.75987 -0.650075 0
247.648 48.8919 40
-0.759872 -0.650073 0
250.898 45.0925 40
-0.670058 -0.742308 0
254.187 41.3308 40
-0.670052 -0.742314 0
257.899 37.9805 40
-0.67005 -0.742316 0
261.61 34.6302 40
-0.564578 -0.82538 0
265.467 31.4648 40
-0.564577 -0.825381 0
269.594 28.6419 40
-0.564577 -0.825381 0
273.721 25.819 40
-0.445741 -0.895162 0
278.044 23.3297 40
-0.44574 -0.895163 0
282.52 21.101 40
-0.44574 -0.895163 0
286.996 18.8723 40
0.763273 -0.646076 0
290.619 20.7813 40
0.763273 -0.646076 0
293.849 24.5977 40
0.839746 -0.54298 0
296.949 28.5109 40
0.839735 -0.542996 0
299.664 32.7097 40
0.839746 -0.54298 0
302.379 36.9084 40
0.904731 -0.425983 0
304.551 41.4085 40
0.904731 -0.425983 0
306.681 45.9322 40
0.954167 -0.299276 0
308.385 50.6219 40
0.954167 -0.299276 0
309.882 55.3927 40
0.985705 -0.168483 0
311.083 60.2348 40
0.985703 -0.16849 0
311.925 65.1633 40
0.999223 -0.0394141 0
312.617 70.1076 40
0.999223 -0.0394053 0
312.814 75.1037 40
0.999223 -0.0394065 0
313.011 80.0998 40
0.996542 0.0830909 0
312.602 85.0827 40
0.996542 0.0830909 0
312.187 90.0654 40
0.980647 0.195785 0
311.383 94.9934 40
0.980647 0.195785 0
310.404 99.8966 40
0.954847 0.297098 0
309.266 104.759 40
0.954844 0.297107 0
307.781 109.534 40
0.954844 0.297107 0
306.295 114.308 40
0.922155 0.38682 0
304.43 118.944 40
0.922155 0.38682 0
302.496 123.554 40
0.885015 0.465563 0
300.455 128.115 40
0.885015 0.465563 0
298.127 132.54 40
0.885015 0.465563 0
295.799 136.965 40
0.845239 0.534389 0
293.272 141.275 40
0.84523 0.534403 0
290.6 145.501 40
0.845239 0.534389 0
287.928 149.727 40
0.804076 0.594527 0
285.026 153.795 40
0.804068 0.594537 0
282.053 157.816 40
0.804068 0.594537 0
279.08 161.836 40
0.762346 0.64717 0
275.891 165.685 40
0.762351 0.647164 0
272.655 169.497 40
0.762351 0.647164 0
269.42 173.309 40
0.720579 0.693373 0
266.011 176.964 40
0.720579 0.693373 0
262.544 180.567 40
0.720587 0.693365 0
259.078 184.17 40
0.679044 0.734098 0
255.501 187.661 40
0.679036 0.734105 0
251.831 191.057 40
0.679044 0.734098 0
248.16 194.452 40
-0.965642 -0.2505 0.0691733
225.899 93.1691 40.3186
-0.965642 -0.2505 -0.0691733
225.899 93.1691 39.6814
-0.946263 -0.23467 0.222521
225.899 98.1691 41.0249
-0.946263 -0.23467 -0.222521
225.899 98.1691 38.9751
-0.938618 -0.16227 0.304408
225.899 103.169 41.402
-0.938618 -0.16227 -0.304408
225.899 103.169 38.598
-0.925865 -0.137312 0.352023
225.899 108.169 41.6213
-0.925865 -0.137312 -0.352023
225.899 108.169 38.3787
-0.914081 -0.105768 0.391495
225.899 113.169 41.8031
-0.914081 -0.105768 -0.391495
225.899 113.169 38.1969
-0.90935 -0.0543524 0.412465
225.899 118.169 41.8997
-0.90935 -0.0543524 -0.412465
225.899 118.169 38.1003
-0.904167 -0.0137056 0.42696
225.899 123.169 41.9664
-0.904167 -0.0137056 -0.42696
225.899 123.169 38.0336
-0.90028 0.034352 0.433953
225.899 128.169 41.9987
-0.90028 0.034352 -0.433953
225.899 128.169 38.0013
-0.900928 0.0648581 0.429095
225.899 133.169 41.9763
-0.900928 0.0648581 -0.429095
225.899 133.169 38.0237
-0.902337 0.0964924 0.420091
225.899 138.169 41.9348
-0.902337 0.0964924 -0.420091
225.899 138.169 38.0652
-0.906824 0.144448 0.395986
225.899 143.169 41.8238
-0.906824 0.144448 -0.395986
225.899 143.169 38.1762
-0.918818 0.167503 0.357375
225.899 148.169 41.646
-0.918818 0.167503 -0.357375
225.899 148.169 38.354
-0.932687 0.188972 0.307219
225.899 153.169 41.415
-0.932687 0.188972 -0.307219
225.899 153.169 38.585
-0.946033 0.262759 0.189682
225.899 158.169 40.8736
-0.946033 0.262759 -0.189682
225.899 158.169 39.1264
-0.92079 -0.356445 0.158409
230.899 78.1691 40.7296
-0.92079 -0.356445 -0.158409
230.899 78.1691 39.2704
-0.898345 -0.333839 0.285532
230.899 83.1691 41.3151
-0.898345 -0.333839 -0.285532
230.899 83.1691 38.6849
-0.884899 -0.275955 0.375237
230.899 88.1691 41.7282
-0.884899 -0.275955 -0.375237
230.899 88.1691 38.2718
-0.868853 -0.237493 0.434386
230.899 93.1691 42.0006
-0.868853 -0.237493 -0.434386
230.899 93.1691 37.9994
-0.852165 -0.201899 0.482754
230.899 98.1691 42.2234
-0.852165 -0.201899 -0.482754
230.899 98.1691 37.7766
-0.827455 0.314426 0.465247
230.899 163.169 42.1428
-0.827455 0.314426 -0.465247
230.899 163.169 37.8572
-0.84932 0.363297 0.382977
230.899 168.169 41.7639
-0.84932 0.363297 -0.382977
230.899 168.169 38.2361
-0.877886 0.379601 0.291922
230.899 173.169 41.3445
-0.877886 0.379601 -0.291922
230.899 173.169 38.6555
-0.860409 -0.446204 0.246167
235.899 68.1691 41.1338
-0.860409 -0.446204 -0.246167
235.899 68.1691 38.8662
-0.842135 -0.42175 0.336058
235.899 73.1691 41.5478
-0.842135 -0.42175 -0.336058
235.899 73.1691 38.4522
-0.824608 -0.369869 0.42804
235.899 78.1691 41.9714
-0.824608 -0.369869 -0.42804
235.899 78.1691 38.0286
-0.807601 -0.317921 0.496696
235.899 83.1691 42.2876
-0.807601 -0.317921 -0.496696
235.899 83.1691 37.7124
-0.765483 0.454192 0.455792
235.899 178.169 42.0992
-0.765483 0.454192 -0.455792
235.899 178.169 37.9008
-0.803039 0.489348 0.340098
235.899 183.169 41.5664
-0.803039 0.489348 -0.340098
235.899 183.169 38.4336
-0.803025 -0.507073 0.313092
240.899 63.1691 41.442
-0.803025 -0.507073 -0.313092
240.899 63.1691 38.558
-0.784162 -0.442482 0.435085
240.899 68.1691 42.0039
-0.784162 -0.442482 -0.435085
240.899 68.1691 37.9961
-0.6733 0.582528 0.455333
240.899 188.169 42.0971
-0.6733 0.582528 -0.455333
240.899 188.169 37.9029
-0.805759 -0.555684 0.204861
245.899 53.1691 40.9435
-0.805759 -0.555684 -0.204861
245.899 53.1691 39.0565
-0.751113 -0.526165 0.398722
245.899 58.1691 41.8364
-0.751113 -0.526165 -0.398722
245.899 58.1691 38.1636
-0.714708 -0.627435 0.30906
250.899 48.1691 41.4234
-0.714708 -0.627435 -0.30906
250.899 48.1691 38.5766
-0.684561 -0.569729 0.454736
250.899 53.1691 42.0944
-0.684561 -0.569729 -0.454736
250.899 53.1691 37.9056
-0.645475 -0.696842 0.312688
255.899 43.1691 41.4401
-0.645475 -0.696842 -0.312688
255.899 43.1691 38.5599
-0.618577 -0.6155 0.488387
255.899 48.1691 42.2494
-0.618577 -0.6155 -0.488387
255.899 48.1691 37.7506
-0.613208 -0.716786 0.331953
260.899 38.1691 41.5289
-0.613208 -0.716786 -0.331953
260.899 38.1691 38.4711
0.612782 0.657143 0.438933
260.899 178.169 42.0216
0.612782 0.657143 -0.438933
260.899 178.169 37.9784
-0.549473 -0.792505 0.264604
265.899 33.1691 41.2187
-0.549473 -0.792505 -0.264604
265.899 33.1691 38.7813
0.653238 0.635903 0.410983
265.899 173.169 41.8929
0.653238 0.635903 -0.410983
265.899 173.169 38.1071
-0.537019 -0.811478 0.230465
270.899 28.1691 41.0615
-0.537019 -0.811478 -0.230465
270.899 28.1691 38.9385
-0.449959 -0.748176 0.487617
270.899 33.1691 42.2458
-0.449959 -0.748176 -0.487617
270.899 33.1691 37.7542
0.710713 0.626409 0.320156
270.899 168.169 41.4745
0.710713 0.626409 -0.320156
270.899 168.169 38.5255
-0.425003 -0.788378 0.444783
275.899 28.1691 42.0485
-0.425003 -0.788378 -0.444783
275.899 28.1691 37.9515
0.687385 0.55923 0.463427
275.899 158.169 42.1344
0.687385 0.55923 -0.463427
275.899 158.169 37.8656
0.731844 0.607993 0.307813
275.899 163.169 41.4177
0.731844 0.607993 -0.307813
275.899 163.169 38.5823
-0.354706 -0.845489 0.399164
280.899 23.1691 41.8384
-0.354706 -0.845489 -0.399164
280.899 23.1691 38.1616
0.732478 0.550466 0.400579
280.899 153.169 41.8449
0.732478 0.550466 -0.400579
280.899 153.169 38.1551
0.787921 0.58782 0.183434
280.899 158.169 40.8448
0.787921 0.58782 -0.183434
280.899 158.169 39.1552
0.744667 0.488126 0.455197
285.899 143.169 42.0965
0.744667 0.488126 -0.455197
285.899 143.169 37.9035
0.793207 0.523921 0.310369
285.899 148.169 41.4295
0.793207 0.523921 -0.310369
285.899 148.169 38.5705
0.766111 0.427838 0.479613
290.899 133.169 42.209
0.766111 0.427838 -0.479613
290.899 133.169 37.791
0.795476 0.476244 0.374713
290.899 138.169 41.7258
0.795476 0.476244 -0.374713
290.899 138.169 38.2742
0.816718 0.51578 0.258732
290.899 143.169 41.1916
0.816718 0.51578 -0.258732
290.899 143.169 38.8084
0.801164 -0.551189 0.233081
295.899 28.1691 41.0735
0.801164 -0.551189 -0.233081
295.899 28.1691 38.9265
0.694773 -0.540666 0.47431
295.899 33.1691 42.1845
0.694773 -0.540666 -0.47431
295.899 33.1691 37.8155
0.798238 0.368365 0.476575
295.899 123.169 42.195
0.798238 0.368365 -0.476575
295.899 123.169 37.805
0.821216 0.418308 0.388102
295.899 128.169 41.7875
0.821216 0.418308 -0.388102
295.899 128.169 38.2125
0.851283 0.451676 0.267033
295.899 133.169 41.2299
0.851283 0.451676 -0.267033
295.899 133.169 38.7701
0.803003 -0.516151 0.29795
300.899 38.1691 41.3723
0.803003 -0.516151 -0.29795
300.899 38.1691 38.6277
0.781002 -0.433265 0.449796
300.899 43.1691 42.0716
0.781002 -0.433265 -0.449796
300.899 43.1691 37.9284
0.847639 0.292425 0.442714
300.899 113.169 42.039
0.847639 0.292425 -0.442714
300.899 113.169 37.961
0.866424 0.347244 0.358792
300.899 118.169 41.6525
0.866424 0.347244 -0.358792
300.899 118.169 38.3475
0.897204 0.384372 0.217446
300.899 123.169 41.0015
0.897204 0.384372 -0.217446
300.899 123.169 38.9985
0.875912 -0.378795 0.298818
305.899 48.1691 41.3763
0.875912 -0.378795 -0.298818
305.899 48.1691 38.6237
0.87486 -0.302336 0.378434
305.899 53.1691 41.743
0.87486 -0.302336 -0.378434
305.899 53.1691 38.257
0.862808 -0.24656 0.441328
305.899 58.1691 42.0326
0.862808 -0.24656 -0.441328
305.899 58.1691 37.9674
0.857431 -0.185408 0.480038
305.899 63.1691 42.2109
0.857431 -0.185408 -0.480038
305.899 63.1691 37.7891
0.870587 0.0686444 0.487202
305.899 88.1691 42.2439
0.870587 0.0686444 -0.487202
305.899 88.1691 37.7561
0.879655 0.125764 0.458684
305.899 93.1691 42.1126
0.879655 0.125764 -0.458684
305.899 93.1691 37.8874
0.89108 0.177782 0.417576
305.899 98.1691 41.9232
0.89108 0.177782 -0.417576
305.899 98.1691 38.0768
0.900634 0.238722 0.363141
305.899 103.169 41.6725
0.900634 0.238722 -0.363141
305.899 103.169 38.3275
0.919994 0.28022 0.274023
305.899 108.169 41.2621
0.919994 0.28022 -0.274023
305.899 108.169 38.7379
0.940414 0.296557 0.166358
305.899 113.169 40.7662
0.940414 0.296557 -0.166358
305.899 113.169 39.2338
0.951357 -0.169413 0.257331
310.899 63.1691 41.1852
0.951357 -0.169413 -0.257331
310.899 63.1691 38.8148
0.953644 -0.0995714 0.283987
310.899 68.1691 41.308
0.953644 -0.0995714 -0.283987
310.899 68.1691 38.692
0.955059 -0.0534495 0.291555
310.899 73.1691 41.3428
0.955059 -0.0534495 -0.291555
310.899 73.1691 38.6572
0.954156 -0.0329382 0.297491
310.899 78.1691 41.3702
0.954156 -0.0329382 -0.297491
310.899 78.1691 38.6298
0.957589 0.0371373 0.285736
310.899 83.1691 41.316
0.957589 0.0371373 -0.285736
310.899 83.1691 38.684
0.961985 0.0797027 0.261215
310.899 88.1691 41.2031
0.961985 0.0797027 -0.261215
310.899 88.1691 38.7969
0.959668 0.15875 0.232025
310.899 93.1691 41.0686
0.959668 0.15875 -0.232025
310.899 93.1691 38.9314
0
