3
66
285.658 270.95 30
290.492 272.23 30
295.305 273.569 30
299.921 275.491 30
304.49 277.507 30
308.828 279.994 30
313.097 282.585 30
317.115 285.562 30
321.051 288.637 30
324.717 292.037 30
328.299 295.518 30
331.587 299.285 30
334.8 303.111 30
337.686 307.194 30
340.515 311.313 30
342.972 315.668 30
345.4 320.037 30
347.397 324.621 30
349.393 329.205 30
350.903 333.971 30
352.405 338.74 30
353.426 343.632 30
354.395 348.537 30
354.895 353.507 30
355.29 358.491 30
355.239 363.484 30
355.023 368.479 30
354.405 373.431 30
353.549 378.357 30
352.365 383.203 30
350.857 387.97 30
349.134 392.653 30
346.985 397.167 30
344.568 401.144 30
339.672 400.131 30
334.811 398.991 30
330.084 397.359 30
325.462 395.482 30
320.995 393.234 30
316.752 390.609 30
312.633 387.776 30
308.896 384.459 30
305.284 381.011 30
302.048 377.199 30
299.032 373.223 30
296.287 369.044 30
293.866 364.677 30
291.614 360.213 30
289.75 355.578 30
287.975 350.904 30
286.607 346.097 30
285.286 341.274 30
284.345 336.366 30
283.449 331.447 30
282.868 326.483 30
282.365 321.508 30
282.085 316.519 30
281.946 311.521 30
281.916 306.524 30
282.112 301.528 30
282.309 296.532 30
282.796 291.556 30
283.303 286.582 30
283.937 281.624 30
284.733 276.688 30
285.529 271.752 30
156
0.255947 -0.966691 0
285.658 270.95 30
0.255947 -0.966691 0
290.492 272.23 30
0.384429 -0.923155 0
295.305 273.569 30
0.384429 -0.923155 0
299.921 275.491 30
0.497272 -0.867594 0
304.49 277.507 30
0.497286 -0.867587 0
308.828 279.994 30
0.595273 -0.803524 0
313.097 282.585 30
0.595253 -0.803538 0
317.115 285.562 30
0.680058 -0.733159 0
321.051 288.637 30
0.680058 -0.733159 0
324.717 292.037 30
0.753353 -0.657616 0
328.299 295.518 30
0.753351 -0.657618 0
331.587 299.285 30
0.816667 -0.577108 0
334.8 303.111 30
0.816667 -0.577108 0
337.686 307.194 30
0.871018 -0.491251 0
340.515 311.313 30
0.871026 -0.491237 0
342.972 315.668 30
0.91681 -0.399323 0
345.4 320.037 30
0.916826 -0.399286 0
347.397 324.621 30
0.91681 -0.399323 0
349.393 329.205 30
0.953819 -0.300382 0
350.903 333.971 30
0.953819 -0.300382 0
352.405 338.74 30
0.98105 -0.193756 0
353.426 343.632 30
0.98105 -0.193756 0
354.395 348.537 30
0.996874 -0.0790114 0
354.895 353.507 30
0.996872 -0.0790393 0
355.29 358.491 30
0.999066 0.0432121 0
355.239 363.484 30
0.999066 0.0432121 0
355.023 368.479 30
0.985236 0.171205 0
354.405 373.431 30
0.985236 0.1712 0
353.549 378.357 30
0.953421 0.301643 0
352.365 383.203 30
0.953415 0.301661 0
350.857 387.97 30
0.902903 0.429845 0
349.134 392.653 30
0.902891 0.42987 0
346.985 397.167 30
-0.202515 0.979279 0
344.568 401.144 30
-0.202486 0.979285 0
339.672 400.131 30
-0.326262 0.945279 0
334.811 398.991 30
-0.326272 0.945276 0
330.084 397.359 30
-0.44958 0.89324 0
325.462 395.482 30
-0.449592 0.893234 0
320.995 393.234 30
-0.566622 0.823978 0
316.752 390.609 30
-0.566622 0.823978 0
312.633 387.776 30
-0.672117 0.740445 0
308.896 384.459 30
-0.762346 0.64717 0
305.284 381.011 30
-0.762346 0.64717 0
302.048 377.199 30
-0.835769 0.549082 0
299.032 373.223 30
-0.835764 0.549089 0
296.287 369.044 30
-0.892742 0.450567 0
293.866 364.677 30
-0.892742 0.450567 0
291.614 360.213 30
-0.934908 0.35489 0
289.75 355.578 30
-0.934908 0.35489 0
287.975 350.904 30
-0.964487 0.264132 0
286.607 346.097 30
-0.964496 0.264096 0
285.286 341.274 30
-0.983812 0.179202 0
284.345 336.366 30
-0.983807 0.179232 0
283.449 331.447 30
-0.994938 0.100495 0
282.868 326.483 30
-0.994938 0.100495 0
282.365 321.508 30
-0.999614 0.0277705 0
282.085 316.519 30
-0.999614 0.0277705 0
281.946 311.521 30
-0.999224 -0.0393977 0
281.916 306.524 30
-0.999224 -0.0393977 0
282.112 301.528 30
-0.999224 -0.0393989 0
282.309 296.532 30
-0.994832 -0.101531 0
282.796 291.556 30
-0.994832 -0.101531 0
283.303 286.582 30
-0.987245 -0.15921 0
283.937 281.624 30
-0.987245 -0.15921 0
284.733 276.688 30
-0.987249 -0.159181 0
285.529 271.752 30
-0.873815 0.0558647 0.48304
286.852 320.95 31.7763
-0.873815 0.0558647 -0.48304
286.852 320.95 28.2237
-0.889155 0.0936767 0.447916
286.852 325.95 31.6471
-0.889155 0.0936767 -0.447916
286.852 325.95 28.3529
-0.902765 0.14505 0.40494
286.852 330.95 31.4891
-0.902765 0.14505 -0.40494
286.852 330.95 28.5109
-0.92426 0.179412 0.33698
286.852 335.95 31.2392
-0.92426 0.179412 -0.33698
286.852 335.95 28.7608
-0.937844 0.249503 0.241239
286.852 340.95 30.8871
-0.937844 0.249503 -0.241239
286.852 340.95 29.1129
-0.963224 0.264177 0.0490898
286.852 345.95 30.1805
-0.963224 0.264177 -0.0490898
286.852 345.95 29.8195
-0.832529 0.263771 0.487155
291.852 345.95 31.7914
-0.832529 0.263771 -0.487155
291.852 345.95 28.2086
-0.853692 0.321445 0.409736
291.852 350.95 31.5067
-0.853692 0.321445 -0.409736
291.852 350.95 28.4933
-0.885568 0.362502 0.290451
291.852 355.95 31.0681
-0.885568 0.362502 -0.290451
291.852 355.95 28.9319
-0.788993 0.417378 0.450871
296.852 360.95 31.658
-0.788993 0.417378 -0.450871
296.852 360.95 28.342
-0.811374 0.480039 0.333518
296.852 365.95 31.2264
-0.811374 0.480039 -0.333518
296.852 365.95 28.7736
-0.741798 0.529633 0.41137
301.852 370.95 31.5127
-0.741798 0.529633 -0.41137
301.852 370.95 28.4873
-0.752528 0.627227 0.200721
301.852 375.95 30.7381
-0.752528 0.627227 -0.200721
301.852 375.95 29.2619
0.438129 -0.813248 0.382975
306.852 280.95 31.4083
0.438129 -0.813248 -0.382975
306.852 280.95 28.5917
-0.655786 0.590437 0.470455
306.852 375.95 31.73
-0.655786 0.590437 -0.470455
306.852 375.95 28.27
-0.721072 0.647826 0.245716
306.852 380.95 30.9036
-0.721072 0.647826 -0.245716
306.852 380.95 29.0964
0.478368 -0.735251 0.480177
311.852 285.95 31.7657
0.478368 -0.735251 -0.480177
311.852 285.95 28.2343
-0.570514 0.663211 0.484423
311.852 380.95 31.7813
-0.570514 0.663211 -0.484423
311.852 380.95 28.2187
-0.570743 0.770798 0.283059
311.852 385.95 31.0409
-0.570743 0.770798 -0.283059
311.852 385.95 28.9591
0.592553 -0.800138 0.0930611
316.852 285.95 30.3422
0.592553 -0.800138 -0.0930611
316.852 285.95 29.6578
-0.486413 0.742031 0.461295
316.852 385.95 31.6963
-0.486413 0.742031 -0.461295
316.852 385.95 28.3037
0.633171 -0.703818 0.322077
321.852 290.95 31.1844
0.633171 -0.703818 -0.322077
321.852 290.95 28.8156
-0.422372 0.831857 0.360022
321.852 390.95 31.3239
-0.422372 0.831857 -0.360022
321.852 390.95 28.6761
0.718609 -0.650181 0.246712
326.852 295.95 30.9072
0.718609 -0.650181 -0.246712
326.852 295.95 29.0928
0.642164 -0.585565 0.494711
326.852 300.95 31.8192
0.642164 -0.585565 -0.494711
326.852 300.95 28.1808
-0.404634 0.877345 0.257948
326.852 395.95 30.9485
-0.404634 0.877345 -0.257948
326.852 395.95 29.0515
0.737921 -0.625315 0.253878
331.852 300.95 30.9336
0.737921 -0.625315 -0.253878
331.852 300.95 29.0664
0.71287 -0.540332 0.447054
331.852 305.95 31.6439
0.71287 -0.540332 -0.447054
331.852 305.95 28.3561
-0.275106 0.884146 0.377627
331.852 395.95 31.3886
-0.275106 0.884146 -0.377627
331.852 395.95 28.6114
0.778307 -0.499085 0.380989
336.852 310.95 31.401
0.778307 -0.499085 -0.380989
336.852 310.95 28.599
0.857385 -0.48028 0.184994
341.852 315.95 30.6803
0.857385 -0.48028 -0.184994
341.852 315.95 29.3197
0.823873 -0.396518 0.404977
341.852 320.95 31.4892
0.823873 -0.396518 -0.404977
341.852 320.95 28.5108
0.895836 -0.38834 0.216032
346.852 325.95 30.7944
0.895836 -0.38834 -0.216032
346.852 325.95 29.2056
0.865331 -0.341757 0.366612
346.852 330.95 31.3481
0.865331 -0.341757 -0.366612
346.852 330.95 28.6519
0.847943 -0.270889 0.455644
346.852 335.95 31.6755
0.847943 -0.270889 -0.455644
346.852 335.95 28.3245
0.809251 0.459822 0.365618
346.852 395.95 31.3445
0.809251 0.459822 -0.365618
346.852 395.95 28.6555
0.926205 -0.247195 0.284674
351.852 340.95 31.0468
0.926205 -0.247195 -0.284674
351.852 340.95 28.9532
0.926755 -0.178316 0.330648
351.852 345.95 31.2159
0.926755 -0.178316 -0.330648
351.852 345.95 28.7841
0.916698 -0.122295 0.380405
351.852 350.95 31.3988
0.916698 -0.122295 -0.380405
351.852 350.95 28.6012
0.910455 -0.0581152 0.409505
351.852 355.95 31.5058
0.910455 -0.0581152 -0.409505
351.852 355.95 28.4942
0.903775 0.00318874 0.427996
351.852 360.95 31.5738
0.903775 0.00318874 -0.427996
351.852 360.95 28.4262
0.901278 0.0642076 0.428456
351.852 365.95 31.5755
0.901278 0.0642076 -0.428456
351.852 365.95 28.4245
0.900446 0.130002 0.415085
351.852 370.95 31.5264
0.900446 0.130002 -0.415085
351.852 370.95 28.4736
0.905336 0.186313 0.381647
351.852 375.95 31.4034
0.905336 0.186313 -0.381647
351.852 375.95 28.5966
0.90284 0.261518 0.341304
351.852 380.95 31.2551
0.90284 0.261518 -0.341304
351.852 380.95 28.7449
0
