3
66
266.892 211.859 30
264.937 207.257 30
263.041 202.635 30
261.726 197.811 30
260.514 192.966 30
259.816 188.015 30
259.242 183.054 30
259.127 178.055 30
259.14 173.06 30
259.576 168.079 30
260.126 163.115 30
261.083 158.207 30
262.132 153.322 30
263.586 148.538 30
265.101 143.777 30
267.033 139.165 30
268.993 134.566 30
271.387 130.177 30
273.782 125.788 30
276.618 121.671 30
279.462 117.558 30
282.698 113.75 30
285.977 109.976 30
289.595 106.532 30
293.288 103.161 30
297.261 100.138 30
301.338 97.2429 30
305.627 94.6924 30
310.042 92.3456 30
314.595 90.3068 30
319.285 88.5726 30
324.039 87.0594 30
328.923 85.9864 30
333.546 85.4547 30
335.751 89.9422 30
337.833 94.4805 30
339.445 99.2135 30
340.799 104.015 30
341.765 108.921 30
342.296 113.882 30
342.587 118.874 30
342.26 123.86 30
341.754 128.828 30
340.73 133.722 30
339.441 138.543 30
337.826 143.275 30
335.863 147.866 30
333.721 152.383 30
331.204 156.699 30
328.602 160.969 30
325.646 164.999 30
322.649 169.001 30
319.351 172.756 30
316.016 176.482 30
312.454 179.987 30
308.834 183.436 30
305.066 186.719 30
301.205 189.895 30
297.278 192.986 30
293.212 195.896 30
289.146 198.806 30
284.919 201.475 30
280.68 204.127 30
276.377 206.669 30
271.991 209.069 30
267.604 211.469 30
158
-0.920355 0.391085 0
266.892 211.859 30
-0.920355 0.391085 0
264.937 207.257 30
-0.964816 0.262925 0
263.041 202.635 30
-0.96482 0.262911 0
261.726 197.811 30
-0.99019 0.139727 0
260.514 192.966 30
-0.990191 0.139723 0
259.816 188.015 30
-0.999735 0.0230257 0
259.242 183.054 30
-0.999735 0.023025 0
259.127 178.055 30
-0.9962 -0.0870958 0
259.14 173.06 30
-0.9962 -0.0870958 0
259.576 168.079 30
-0.981525 -0.191334 0
260.126 163.115 30
-0.981526 -0.191328 0
261.083 158.207 30
-0.956807 -0.290723 0
262.132 153.322 30
-0.956803 -0.290737 0
263.586 148.538 30
-0.922359 -0.386333 0
265.101 143.777 30
-0.922364 -0.386322 0
267.033 139.165 30
-0.877871 -0.478898 0
268.993 134.566 30
-0.877864 -0.47891 0
271.387 130.177 30
-0.877867 -0.478904 0
273.782 125.788 30
-0.822459 -0.568824 0
276.618 121.671 30
-0.822463 -0.568819 0
279.462 117.558 30
-0.754971 -0.655759 0
282.698 113.75 30
-0.754971 -0.655759 0
285.977 109.976 30
-0.674085 -0.738654 0
289.595 106.532 30
-0.674102 -0.738639 0
293.288 103.161 30
-0.578919 -0.815385 0
297.261 100.138 30
-0.578919 -0.815385 0
301.338 97.2429 30
-0.469386 -0.882993 0
305.627 94.6924 30
-0.469362 -0.883006 0
310.042 92.3456 30
-0.346864 -0.937915 0
314.595 90.3068 30
-0.346862 -0.937916 0
319.285 88.5726 30
-0.2146 -0.976702 0
324.039 87.0594 30
-0.214629 -0.976696 0
328.923 85.9864 30
0.897497 -0.44102 0
333.546 85.4547 30
0.897503 -0.441008 0
335.751 89.9422 30
0.946599 -0.322412 0
337.833 94.4805 30
0.946597 -0.322419 0
339.445 99.2135 30
0.981177 -0.19311 0
340.799 104.015 30
0.981176 -0.193116 0
341.765 108.921 30
0.998305 -0.0581902 0
342.296 113.882 30
0.998305 -0.0581978 0
342.587 118.874 30
0.997081 0.0763482 0
342.26 123.86 30
0.978796 0.204835 0
341.754 128.828 30
0.978796 0.204835 0
340.73 133.722 30
0.946401 0.322995 0
339.441 138.543 30
0.946401 0.322995 0
337.826 143.275 30
0.903571 0.428439 0
335.863 147.866 30
0.903576 0.428427 0
333.721 152.383 30
0.853898 0.520441 0
331.204 156.699 30
0.853906 0.520428 0
328.602 160.969 30
0.800359 0.599521 0
325.646 164.999 30
0.800359 0.599521 0
322.649 169.001 30
0.745183 0.66686 0
319.351 172.756 30
0.745189 0.666853 0
316.016 176.482 30
0.689865 0.723938 0
312.454 179.987 30
0.689865 0.723938 0
308.834 183.436 30
0.63531 0.772257 0
305.066 186.719 30
0.63531 0.772257 0
301.205 189.895 30
0.582036 0.813163 0
297.278 192.986 30
0.582029 0.813168 0
293.212 195.896 30
0.582036 0.813163 0
289.146 198.806 30
0.530275 0.847826 0
284.919 201.475 30
0.530275 0.847826 0
280.68 204.127 30
0.480079 0.877225 0
276.377 206.669 30
0.480073 0.877229 0
271.991 209.069 30
0.480073 0.877229 0
267.604 211.469 30
-0.930176 -0.282847 0.234031
264.039 150.018 30.9779
-0.930176 -0.282847 -0.234031
264.039 150.018 29.0221
-0.909537 -0.241703 0.338116
264.039 155.018 31.4128
-0.909537 -0.241703 -0.338116
264.039 155.018 28.5872
-0.895527 -0.167701 0.412198
264.039 160.018 31.7224
-0.895527 -0.167701 -0.412198
264.039 160.018 28.2776
-0.874387 -0.112344 0.472044
264.039 165.018 31.9725
-0.874387 -0.112344 -0.472044
264.039 165.018 28.0275
-0.875975 -0.476159 0.0770742
269.039 135.018 30.3221
-0.875975 -0.476159 -0.0770742
269.039 135.018 29.6779
-0.875953 -0.375713 0.302565
269.039 140.018 31.2643
-0.875953 -0.375713 -0.302565
269.039 140.018 28.7357
-0.838453 -0.321234 0.440234
269.039 145.018 31.8396
-0.838453 -0.321234 -0.440234
269.039 145.018 28.1604
-0.826862 -0.456962 0.327847
274.039 130.018 31.3699
-0.826862 -0.456962 -0.327847
274.039 130.018 28.6301
-0.785737 -0.40791 0.465003
274.039 135.018 31.9431
-0.785737 -0.40791 -0.465003
274.039 135.018 28.0569
-0.784301 -0.549435 0.288086
279.039 120.018 31.2038
-0.784301 -0.549435 -0.288086
279.039 120.018 28.7962
-0.757412 -0.493809 0.427175
279.039 125.018 31.785
-0.757412 -0.493809 -0.427175
279.039 125.018 28.215
0.437905 0.811067 0.387826
279.039 205.018 31.6206
0.437905 0.811067 -0.387826
279.039 205.018 28.3794
-0.731332 -0.626055 0.270572
284.039 115.018 31.1306
-0.731332 -0.626055 -0.270572
284.039 115.018 28.8694
-0.691965 -0.532821 0.487121
284.039 120.018 32.0355
-0.691965 -0.532821 -0.487121
284.039 120.018 27.9645
0.478404 0.808266 0.343271
284.039 200.018 31.4344
0.478404 0.808266 -0.343271
284.039 200.018 28.5656
-0.670156 -0.656136 0.346952
289.039 110.018 31.4498
-0.670156 -0.656136 -0.346952
289.039 110.018 28.5502
0.467818 0.742727 0.479065
289.039 195.018 32.0018
0.467818 0.742727 -0.479065
289.039 195.018 27.9982
-0.630919 -0.717818 0.294412
294.039 105.018 31.2302
-0.630919 -0.717818 -0.294412
294.039 105.018 28.7698
0.562129 0.797082 0.220617
294.039 195.018 30.9219
0.562129 0.797082 -0.220617
294.039 195.018 29.0781
-0.554108 -0.788124 0.268001
299.039 100.018 31.1199
-0.554108 -0.788124 -0.268001
299.039 100.018 28.8801
0.579719 0.751406 0.315142
299.039 190.018 31.3168
0.579719 0.751406 -0.315142
299.039 190.018 28.6832
-0.462935 -0.759361 0.457233
304.039 100.018 31.9106
-0.462935 -0.759361 -0.457233
304.039 100.018 28.0894
0.606588 0.734846 0.303402
304.039 185.018 31.2678
0.606588 0.734846 -0.303402
304.039 185.018 28.7322
-0.41243 -0.832146 0.370722
309.039 95.0178 31.5491
-0.41243 -0.832146 -0.370722
309.039 95.0178 28.4509
0.637106 0.679183 0.364426
309.039 180.018 31.5228
0.637106 0.679183 -0.364426
309.039 180.018 28.4772
0.691908 0.640847 0.332533
314.039 175.018 31.3895
0.691908 0.640847 -0.332533
314.039 175.018 28.6105
-0.303303 -0.905622 0.296405
319.039 90.0178 31.2386
-0.303303 -0.905622 -0.296405
319.039 90.0178 28.7614
0.687988 0.528987 0.496834
319.039 165.018 32.0761
0.687988 0.528987 -0.496834
319.039 165.018 27.9239
0.721868 0.607723 0.331028
319.039 170.018 31.3832
0.721868 0.607723 -0.331028
319.039 170.018 28.6168
0.747517 0.492342 0.445889
324.039 160.018 31.8632
0.747517 0.492342 -0.445889
324.039 160.018 28.1368
0.780414 0.578113 0.2382
324.039 165.018 30.9953
0.780414 0.578113 -0.2382
324.039 165.018 29.0047
0.784234 0.381847 0.489049
329.039 150.018 32.0435
0.784234 0.381847 -0.489049
329.039 150.018 27.9565
0.81288 0.468141 0.34651
329.039 155.018 31.4479
0.81288 0.468141 -0.34651
329.039 155.018 28.5521
0.841468 0.514411 0.165267
329.039 160.018 30.6906
0.841468 0.514411 -0.165267
329.039 160.018 29.3094
0.782477 -0.464469 0.414727
334.039 90.0178 31.733
0.782477 -0.464469 -0.414727
334.039 90.0178 28.267
0.840249 0.272968 0.468477
334.039 140.018 31.9576
0.840249 0.272968 -0.468477
334.039 140.018 28.0424
0.859495 0.35074 0.371818
334.039 145.018 31.5537
0.859495 0.35074 -0.371818
334.039 145.018 28.4463
0.869795 0.408425 0.276851
334.039 150.018 31.1568
0.869795 0.408425 -0.276851
334.039 150.018 28.8432
0.930895 -0.3179 0.17993
339.039 100.018 30.7519
0.930895 -0.3179 -0.17993
339.039 100.018 29.2481
0.919739 -0.211588 0.330622
339.039 105.018 31.3815
0.919739 -0.211588 -0.330622
339.039 105.018 28.6185
0.900398 -0.171108 0.400006
339.039 110.018 31.6715
0.900398 -0.171108 -0.400006
339.039 110.018 28.3285
0.901027 -0.0864181 0.425068
339.039 115.018 31.7762
0.901027 -0.0864181 -0.425068
339.039 115.018 28.2238
0.903107 -0.0232319 0.428787
339.039 120.018 31.7917
0.903107 -0.0232319 -0.428787
339.039 120.018 28.2083
0.911822 0.0778982 0.403129
339.039 125.018 31.6845
0.911822 0.0778982 -0.403129
339.039 125.018 28.3155
0.918706 0.168558 0.357166
339.039 130.018 31.4924
0.918706 0.168558 -0.357166
339.039 130.018 28.5076
0.932154 0.220221 0.287387
339.039 135.018 31.2009
0.932154 0.220221 -0.287387
339.039 135.018 28.7991
0
