3
65
273.182 221.307 30
272.855 216.317 30
272.602 211.328 30
272.955 206.341 30
273.432 201.37 30
274.408 196.466 30
275.531 191.6 30
277.071 186.844 30
278.759 182.144 30
280.808 177.583 30
282.99 173.09 30
285.499 168.765 30
288.117 164.511 30
291.044 160.458 30
294.052 156.468 30
297.363 152.722 30
300.724 149.024 30
304.387 145.62 30
308.071 142.242 30
312.057 139.224 30
316.043 136.205 30
320.317 133.611 30
324.595 131.023 30
329.105 128.87 30
333.64 126.765 30
338.348 125.097 30
343.096 123.529 30
347.957 122.39 30
352.86 121.412 30
357.817 120.833 30
362.805 120.492 30
367.794 120.483 30
372.783 120.811 30
376.356 122.634 30
376.955 127.598 30
377.261 132.578 30
377.208 137.578 30
376.714 142.543 30
375.986 147.49 30
374.655 152.305 30
373.146 157.065 30
371.13 161.641 30
368.854 166.081 30
366.275 170.365 30
363.349 174.41 30
360.281 178.359 30
356.838 181.981 30
353.339 185.551 30
349.521 188.779 30
345.666 191.96 30
341.572 194.831 30
337.451 197.659 30
333.136 200.184 30
328.815 202.7 30
324.323 204.896 30
319.831 207.092 30
315.221 209.023 30
310.589 210.907 30
305.895 212.62 30
301.154 214.208 30
296.394 215.736 30
291.568 217.044 30
286.742 218.352 30
281.867 219.457 30
276.977 220.498 30
157
-0.997868 0.0652621 0
273.182 221.307 30
-0.997868 0.0652601 0
272.855 216.317 30
-0.9975 -0.0706636 0
272.602 211.328 30
-0.9975 -0.0706636 0
272.955 206.341 30
-0.98075 -0.195268 0
273.432 201.37 30
-0.980753 -0.195253 0
274.408 196.466 30
-0.951378 -0.308027 0
275.531 191.6 30
-0.951373 -0.30804 0
277.071 186.844 30
-0.912195 -0.409757 0
278.759 182.144 30
-0.912195 -0.409757 0
280.808 177.583 30
-0.864998 -0.501775 0
282.99 173.09 30
-0.865006 -0.501761 0
285.499 168.765 30
-0.810681 -0.585488 0
288.117 164.511 30
-0.810684 -0.585484 0
291.044 160.458 30
-0.749363 -0.662159 0
294.052 156.468 30
-0.749363 -0.662159 0
297.363 152.722 30
-0.680628 -0.732629 0
300.724 149.024 30
-0.680628 -0.732629 0
304.387 145.62 30
-0.603666 -0.797238 0
308.071 142.242 30
-0.603666 -0.797238 0
312.057 139.224 30
-0.603673 -0.797232 0
316.043 136.205 30
-0.517455 -0.855711 0
320.317 133.611 30
-0.517455 -0.855711 0
324.595 131.023 30
-0.420992 -0.907064 0
329.105 128.87 30
-0.420992 -0.907064 0
333.64 126.765 30
-0.313633 -0.949544 0
338.348 125.097 30
-0.313659 -0.949536 0
343.096 123.529 30
-0.195557 -0.980692 0
347.957 122.39 30
-0.195557 -0.980692 0
352.86 121.412 30
-0.0681763 -0.997673 0
357.817 120.833 30
-0.0681763 -0.997673 0
362.805 120.492 30
0.0655214 -0.997851 0
367.794 120.483 30
0.0655214 -0.997851 0
372.783 120.811 30
0.992797 -0.119804 0
376.356 122.634 30
0.992797 -0.119804 0
376.955 127.598 30
0.999943 0.0106965 0
377.261 132.578 30
0.999943 0.0106812 0
377.208 137.578 30
0.989366 0.145445 0
376.714 142.543 30
0.989364 0.14546 0
375.986 147.49 30
0.960492 0.278309 0
374.655 152.305 30
0.915077 0.40328 0
373.146 157.065 30
0.915072 0.403291 0
371.13 161.641 30
0.85668 0.515848 0
368.854 166.081 30
0.856672 0.515862 0
366.275 170.365 30
0.789693 0.613502 0
363.349 174.41 30
0.789682 0.613517 0
360.281 178.359 30
0.718225 0.69581 0
356.838 181.981 30
0.645586 0.763687 0
353.339 185.551 30
0.645569 0.763702 0
349.521 188.779 30
0.574042 0.818826 0
345.666 191.96 30
0.574062 0.818812 0
341.572 194.831 30
0.505042 0.863095 0
337.451 197.659 30
0.505058 0.863085 0
333.136 200.184 30
0.439182 0.898398 0
328.815 202.7 30
0.439206 0.898386 0
324.323 204.896 30
0.439206 0.898386 0
319.831 207.092 30
0.376746 0.926316 0
315.221 209.023 30
0.376741 0.926319 0
310.589 210.907 30
0.317628 0.948215 0
305.895 212.62 30
0.317628 0.948215 0
301.154 214.208 30
0.261596 0.965177 0
296.394 215.736 30
0.261596 0.965177 0
291.568 217.044 30
0.261572 0.965184 0
286.742 218.352 30
0.208314 0.978062 0
281.867 219.457 30
0.208314 0.978062 0
276.977 220.498 30
-0.895253 -0.264993 0.358192
277.564 190.32 31.8755
-0.895253 -0.264993 -0.358192
277.564 190.32 28.1245
-0.868342 -0.172436 0.465025
277.564 195.32 32.4349
-0.868342 -0.172436 -0.465025
277.564 195.32 27.5651
0.166997 0.942602 0.28916
277.564 220.32 31.5141
0.166997 0.942602 -0.28916
277.564 220.32 28.4859
-0.848206 -0.437075 0.299186
282.564 175.32 31.5666
-0.848206 -0.437075 -0.299186
282.564 175.32 28.4334
-0.839573 -0.360246 0.406622
282.564 180.32 32.1291
-0.839573 -0.360246 -0.406622
282.564 180.32 27.8709
-0.804264 -0.570671 0.165813
287.564 165.32 30.8682
-0.804264 -0.570671 -0.165813
287.564 165.32 29.1318
-0.807143 -0.470213 0.356959
287.564 170.32 31.8691
-0.807143 -0.470213 -0.356959
287.564 170.32 28.1309
-0.781797 -0.576915 0.236565
292.564 160.32 31.2387
-0.781797 -0.576915 -0.236565
292.564 160.32 28.7613
-0.731455 -0.505566 0.457577
292.564 165.32 32.3959
-0.731455 -0.505566 -0.457577
292.564 165.32 27.6041
0.209412 0.899745 0.382891
292.564 215.32 32.0048
0.209412 0.899745 -0.382891
292.564 215.32 27.9952
-0.70953 -0.626337 0.322906
297.564 155.32 31.6908
-0.70953 -0.626337 -0.322906
297.564 155.32 28.3092
0.248474 0.936325 0.248105
297.564 215.32 31.2991
0.248474 0.936325 -0.248105
297.564 215.32 28.7009
-0.656178 -0.68807 0.309822
302.564 150.32 31.6222
-0.656178 -0.68807 -0.309822
302.564 150.32 28.3778
0.241771 0.842621 0.481183
302.564 210.32 32.5195
0.241771 0.842621 -0.481183
302.564 210.32 27.4805
-0.607466 -0.721607 0.332066
307.564 145.32 31.7387
-0.607466 -0.721607 -0.332066
307.564 145.32 28.2613
0.304216 0.880236 0.364193
307.564 210.32 31.9069
0.304216 0.880236 -0.364193
307.564 210.32 28.0931
-0.591802 -0.782745 0.192562
312.564 140.32 31.0083
-0.591802 -0.782745 -0.192562
312.564 140.32 28.9917
-0.535937 -0.683882 0.495053
312.564 145.32 32.5921
-0.535937 -0.683882 -0.495053
312.564 145.32 27.4079
-0.561089 -0.789744 0.247959
317.564 135.32 31.2983
-0.561089 -0.789744 -0.247959
317.564 135.32 28.7017
-0.516764 -0.72934 0.44835
317.564 140.32 32.3476
-0.516764 -0.72934 -0.44835
317.564 140.32 27.6524
0.375323 0.845588 0.379623
317.564 205.32 31.9877
0.375323 0.845588 -0.379623
317.564 205.32 28.0123
-0.482093 -0.799881 0.357459
322.564 135.32 31.8717
-0.482093 -0.799881 -0.357459
322.564 135.32 28.1283
0.417599 0.869373 0.264201
322.564 205.32 31.3834
0.417599 0.869373 -0.264201
322.564 205.32 28.6166
-0.430251 -0.85799 0.2806
327.564 130.32 31.4692
-0.430251 -0.85799 -0.2806
327.564 130.32 28.5308
0.41812 0.834167 0.359639
327.564 200.32 31.8831
0.41812 0.834167 -0.359639
327.564 200.32 28.1169
-0.372685 -0.841216 0.391741
332.564 130.32 32.0512
-0.372685 -0.841216 -0.391741
332.564 130.32 27.9488
0.441118 0.761308 0.475211
332.564 195.32 32.4882
0.441118 0.761308 -0.475211
332.564 195.32 27.5118
0.501027 0.859361 0.102322
332.564 200.32 30.5358
0.501027 0.859361 -0.102322
332.564 200.32 29.4642
0.497702 0.808854 0.313126
337.564 195.32 31.6395
0.497702 0.808854 -0.313126
337.564 195.32 28.3605
-0.282584 -0.913102 0.293923
342.564 125.32 31.539
-0.282584 -0.913102 -0.293923
342.564 125.32 28.461
0.536426 0.746328 0.394008
342.564 190.32 32.0631
0.536426 0.746328 -0.394008
342.564 190.32 27.9369
-0.181427 -0.894665 0.408238
347.564 125.32 32.1376
-0.181427 -0.894665 -0.408238
347.564 125.32 27.8624
0.581609 0.687223 0.435265
347.564 185.32 32.2791
0.581609 0.687223 -0.435265
347.564 185.32 27.7209
0.589545 0.75878 0.27693
347.564 190.32 31.45
0.589545 0.75878 -0.27693
347.564 190.32 28.55
-0.108019 -0.861657 0.495862
352.564 125.32 32.5964
-0.108019 -0.861657 -0.495862
352.564 125.32 27.4036
0.631255 0.626044 0.457807
352.564 180.32 32.3971
0.631255 0.626044 -0.457807
352.564 180.32 27.6029
0.642431 0.754001 0.136982
352.564 185.32 30.7172
0.642431 0.754001 -0.136982
352.564 185.32 29.2828
0.702987 0.556207 0.443219
357.564 175.32 32.3207
0.702987 0.556207 -0.443219
357.564 175.32 27.6793
0.710203 0.654638 0.258962
357.564 180.32 31.3559
0.710203 0.654638 -0.258962
357.564 180.32 28.6441
0.765774 0.502595 0.401235
362.564 170.32 32.1009
0.765774 0.502595 -0.401235
362.564 170.32 27.8991
0.777929 0.598128 0.192533
362.564 175.32 31.0081
0.777929 0.598128 -0.192533
362.564 175.32 28.9919
0.817705 0.362051 0.447524
367.564 160.32 32.3433
0.817705 0.362051 -0.447524
367.564 160.32 27.6567
0.83891 0.487083 0.242858
367.564 165.32 31.2716
0.83891 0.487083 -0.242858
367.564 165.32 28.7284
0.868593 0.102812 0.484744
372.564 145.32 32.5381
0.868593 0.102812 -0.484744
372.564 145.32 27.4619
0.893267 0.212564 0.396095
372.564 150.32 32.074
0.893267 0.212564 -0.396095
372.564 150.32 27.926
0.892296 0.347656 0.287999
372.564 155.32 31.508
0.892296 0.347656 -0.287999
372.564 155.32 28.492
0
