3
84
215.854 193.16 40
211.683 190.403 40
207.511 187.646 40
203.565 184.595 40
199.805 181.299 40
196.076 177.972 40
192.76 174.23 40
189.443 170.488 40
186.384 166.544 40
183.528 162.44 40
180.676 158.333 40
178.289 153.94 40
175.901 149.547 40
173.715 145.058 40
171.802 140.438 40
169.89 135.819 40
168.366 131.061 40
166.936 126.27 40
165.586 121.459 40
164.649 116.547 40
163.713 111.636 40
163.031 106.689 40
162.603 101.708 40
162.176 96.7259 40
162.186 91.7299 40
162.286 86.7309 40
162.469 81.7382 40
163.118 76.7805 40
163.767 71.8228 40
164.685 66.9162 40
165.902 62.0667 40
167.12 57.2172 40
168.795 52.513 40
170.596 47.8484 40
172.445 43.2064 40
174.83 38.8117 40
177.215 34.4171 40
179.798 30.1483 40
182.75 26.1127 40
185.702 22.0771 40
188.95 18.2909 40
192.428 14.6995 40
195.907 11.108 40
199.959 11.7022 40
204.276 14.2256 40
208.501 16.884 40
212.459 19.9396 40
216.417 22.9952 40
219.963 26.5157 40
223.477 30.0724 40
226.645 33.9275 40
229.644 37.9282 40
232.389 42.0943 40
234.824 46.4614 40
237.121 50.8936 40
238.97 55.5393 40
240.819 60.1849 40
242.092 65.0196 40
243.359 69.8564 40
244.242 74.7709 40
244.951 79.7204 40
245.496 84.6846 40
245.684 89.6811 40
245.873 94.6775 40
245.657 99.6699 40
245.368 104.662 40
244.961 109.641 40
244.239 114.589 40
243.517 119.536 40
242.568 124.442 40
241.455 129.316 40
240.342 134.191 40
238.96 138.993 40
237.495 143.774 40
236.03 148.554 40
234.304 153.245 40
232.521 157.917 40
230.739 162.588 40
228.742 167.17 40
226.672 171.722 40
224.602 176.273 40
222.391 180.755 40
220.06 185.179 40
217.729 189.602 40
258
-0.551319 0.834295 0
215.854 193.16 40
-0.551319 0.834295 0
211.683 190.403 40
-0.551319 0.834295 0
207.511 187.646 40
-0.659173 0.751991 0
203.565 184.595 40
-0.659172 0.751992 0
199.805 181.299 40
-0.748353 0.663301 0
196.076 177.972 40
-0.748353 0.663301 0
192.76 174.23 40
-0.748353 0.663301 0
189.443 170.488 40
-0.820751 0.571286 0
186.384 166.544 40
-0.820758 0.571276 0
183.528 162.44 40
-0.878618 0.477525 0
180.676 158.333 40
-0.878622 0.477518 0
178.289 153.94 40
-0.878618 0.477525 0
175.901 149.547 40
-0.923947 0.382521 0
173.715 145.058 40
-0.923952 0.382508 0
171.802 140.438 40
-0.923952 0.382508 0
169.89 135.819 40
-0.958231 0.285994 0
168.366 131.061 40
-0.958228 0.286005 0
166.936 126.27 40
-0.982307 0.18728 0
165.586 121.459 40
-0.982307 0.18728 0
164.649 116.547 40
-0.982305 0.187287 0
163.713 111.636 40
-0.996336 0.0855253 0
163.031 106.689 40
-0.996335 0.0855329 0
162.603 101.708 40
-0.996336 0.0855253 0
162.176 96.7259 40
-0.9998 -0.0200119 0
162.186 91.7299 40
-0.9998 -0.0200195 0
162.286 86.7309 40
-0.991542 -0.129785 0
162.469 81.7382 40
-0.991543 -0.129778 0
163.118 76.7805 40
-0.991542 -0.129785 0
163.767 71.8228 40
-0.969892 -0.243537 0
164.685 66.9162 40
-0.969892 -0.243537 0
165.902 62.0667 40
-0.969892 -0.243537 0
167.12 57.2172 40
-0.932923 -0.360077 0
168.795 52.513 40
-0.932923 -0.360077 0
170.596 47.8484 40
-0.878933 -0.476946 0
172.445 43.2064 40
-0.878934 -0.476943 0
174.83 38.8117 40
-0.878929 -0.476952 0
177.215 34.4171 40
-0.807117 -0.590392 0
179.798 30.1483 40
-0.807123 -0.590383 0
182.75 26.1127 40
-0.807117 -0.590392 0
185.702 22.0771 40
-0.718281 -0.695753 0
188.95 18.2909 40
-0.718288 -0.695746 0
192.428 14.6995 40
-0.718288 -0.695746 0
195.907 11.108 40
0.504699 -0.863296 0
199.959 11.7022 40
0.504699 -0.863295 0
204.276 14.2256 40
0.611127 -0.791533 0
208.501 16.884 40
0.611118 -0.791539 0
212.459 19.9396 40
0.611128 -0.791532 0
216.417 22.9952 40
0.711352 -0.702836 0
219.963 26.5157 40
0.711351 -0.702837 0
223.477 30.0724 40
0.800141 -0.599812 0
226.645 33.9275 40
0.800141 -0.599812 0
229.644 37.9282 40
0.873418 -0.486971 0
232.389 42.0943 40
0.873416 -0.486975 0
234.824 46.4614 40
0.929127 -0.36976 0
237.121 50.8936 40
0.929129 -0.369755 0
238.97 55.5393 40
0.929127 -0.36976 0
240.819 60.1849 40
0.967375 -0.253349 0
242.092 65.0196 40
0.967373 -0.253356 0
243.359 69.8564 40
0.989896 -0.141794 0
244.242 74.7709 40
0.989896 -0.141792 0
244.951 79.7204 40
0.99929 -0.037666 0
245.496 84.6846 40
0.99929 -0.037666 0
245.684 89.6811 40
0.99929 -0.0376666 0
245.873 94.6775 40
0.998327 0.0578226 0
245.657 99.6699 40
0.998327 0.0578159 0
245.368 104.662 40
0.989515 0.144432 0
244.961 109.641 40
0.989515 0.144432 0
244.239 114.589 40
0.989515 0.144432 0
243.517 119.536 40
0.974914 0.22258 0
242.568 124.442 40
0.974914 0.22258 0
241.455 129.316 40
0.974911 0.222594 0
240.342 134.191 40
0.956117 0.292984 0
238.96 138.993 40
0.956117 0.292984 0
237.495 143.774 40
0.956117 0.292984 0
236.03 148.554 40
0.934293 0.356505 0
234.304 153.245 40
0.934293 0.356505 0
232.521 157.917 40
0.934293 0.356505 0
230.739 162.588 40
0.910282 0.413988 0
228.742 167.17 40
0.910282 0.413988 0
226.672 171.722 40
0.910282 0.413988 0
224.602 176.273 40
0.884671 0.466216 0
222.391 180.755 40
0.884668 0.466222 0
220.06 185.179 40
0.884671 0.466216 0
217.729 189.602 40
-0.935579 -0.247983 0.251389
167.103 59.9749 41.0533
-0.935579 -0.247983 -0.251389
167.103 59.9749 38.9467
-0.92801 -0.232052 0.291461
167.103 64.9749 41.2212
-0.92801 -0.232052 -0.291461
167.103 64.9749 38.7788
-0.922572 -0.182419 0.339977
167.103 69.9749 41.4245
-0.922572 -0.182419 -0.339977
167.103 69.9749 38.5755
-0.917658 -0.138487 0.372459
167.103 74.9749 41.5606
-0.917658 -0.138487 -0.372459
167.103 74.9749 38.4394
-0.910307 -0.110604 0.398885
167.103 79.9749 41.6713
-0.910307 -0.110604 -0.398885
167.103 79.9749 38.3287
-0.907564 -0.0639254 0.41502
167.103 84.9749 41.7389
-0.907564 -0.0639254 -0.41502
167.103 84.9749 38.2611
-0.907334 -0.018768 0.419991
167.103 89.9749 41.7597
-0.907334 -0.018768 -0.419991
167.103 89.9749 38.2403
-0.907063 0.0289394 0.42
167.103 94.9749 41.7598
-0.907063 0.0289394 -0.42
167.103 94.9749 38.2402
-0.910824 0.0677743 0.407193
167.103 99.9749 41.7061
-0.910824 0.0677743 -0.407193
167.103 99.9749 38.2939
-0.916503 0.095686 0.388416
167.103 104.975 41.6274
-0.916503 0.095686 -0.388416
167.103 104.975 38.3726
-0.92179 0.144389 0.359798
167.103 109.975 41.5075
-0.92179 0.144389 -0.359798
167.103 109.975 38.4925
-0.933329 0.177682 0.311971
167.103 114.975 41.3071
-0.933329 0.177682 -0.311971
167.103 114.975 38.6929
-0.947091 0.193954 0.255733
167.103 119.975 41.0715
-0.947091 0.193954 -0.255733
167.103 119.975 38.9285
-0.945394 0.271823 0.179842
167.103 124.975 40.7535
-0.945394 0.271823 -0.179842
167.103 124.975 39.2465
-0.866687 -0.439226 0.236505
172.103 44.9749 40.9909
-0.866687 -0.439226 -0.236505
172.103 44.9749 39.0091
-0.882058 -0.359175 0.304906
172.103 49.9749 41.2775
-0.882058 -0.359175 -0.304906
172.103 49.9749 38.7225
-0.862393 -0.314683 0.396551
172.103 54.9749 41.6615
-0.862393 -0.314683 -0.396551
172.103 54.9749 38.3385
-0.848396 -0.262572 0.459652
172.103 59.9749 41.9259
-0.848396 -0.262572 -0.459652
172.103 59.9749 38.0741
-0.846223 0.20432 0.492098
172.103 119.975 42.0619
-0.846223 0.20432 -0.492098
172.103 119.975 37.9381
-0.859885 0.248901 0.445698
172.103 124.975 41.8675
-0.859885 0.248901 -0.445698
172.103 124.975 38.1325
-0.877358 0.289637 0.382562
172.103 129.975 41.6029
-0.877358 0.289637 -0.382562
172.103 129.975 38.3971
-0.889768 0.354176 0.287875
172.103 134.975 41.2062
-0.889768 0.354176 -0.287875
172.103 134.975 38.7938
-0.920435 0.381485 0.0852538
172.103 139.975 40.3572
-0.920435 0.381485 -0.0852538
172.103 139.975 39.6428
-0.873266 -0.477612 0.0963986
177.103 34.9749 40.4039
-0.873266 -0.477612 -0.0963986
177.103 34.9749 39.5961
-0.823964 -0.464657 0.324309
177.103 39.9749 41.3588
-0.823964 -0.464657 -0.324309
177.103 39.9749 38.6412
-0.785009 -0.421397 0.454076
177.103 44.9749 41.9026
-0.785009 -0.421397 -0.454076
177.103 44.9749 38.0974
-0.815474 0.363932 0.450063
177.103 139.975 41.8857
-0.815474 0.363932 -0.450063
177.103 139.975 38.1143
-0.844065 0.399127 0.358122
177.103 144.975 41.5005
-0.844065 0.399127 -0.358122
177.103 144.975 38.4995
-0.863759 0.467657 0.187665
177.103 149.975 40.7863
-0.863759 0.467657 -0.187665
177.103 149.975 39.2137
-0.760985 -0.567729 0.313985
182.103 29.9749 41.3156
-0.760985 -0.567729 -0.313985
182.103 29.9749 38.6844
-0.727359 -0.504633 0.465074
182.103 34.9749 41.9486
-0.727359 -0.504633 -0.465074
182.103 34.9749 38.0514
-0.763311 0.438373 0.474537
182.103 149.975 41.9883
-0.763311 0.438373 -0.474537
182.103 149.975 38.0117
-0.802896 0.470101 0.366554
182.103 154.975 41.5358
-0.802896 0.470101 -0.366554
182.103 154.975 38.4642
-0.820698 0.504699 0.267831
182.103 159.975 41.1222
-0.820698 0.504699 -0.267831
182.103 159.975 38.8778
-0.691011 -0.588257 0.420069
187.103 24.9749 41.7601
-0.691011 -0.588257 -0.420069
187.103 24.9749 38.2399
-0.72353 0.519505 0.454554
187.103 159.975 41.9046
-0.72353 0.519505 -0.454554
187.103 159.975 38.0954
-0.782419 0.565064 0.26177
187.103 164.975 41.0968
-0.782419 0.565064 -0.26177
187.103 164.975 38.9032
-0.690335 0.625799 0.363062
192.103 169.975 41.5212
-0.690335 0.625799 -0.363062
192.103 169.975 38.4788
-0.639176 0.641083 0.424814
197.103 174.975 41.78
-0.639176 0.641083 -0.424814
197.103 174.975 38.22
0.350388 -0.809797 0.470593
202.103 14.9749 41.9718
0.350388 -0.809797 -0.470593
202.103 14.9749 38.0282
-0.562492 0.703302 0.434705
202.103 179.975 41.8214
-0.562492 0.703302 -0.434705
202.103 179.975 38.1786
0.449749 -0.750925 0.483567
207.103 19.9749 42.0261
0.449749 -0.750925 -0.483567
207.103 19.9749 37.9739
-0.461052 0.748851 0.47608
207.103 184.975 41.9948
-0.461052 0.748851 -0.47608
207.103 184.975 38.0052
0.608557 -0.790332 0.0709417
212.103 19.9749 40.2972
0.608557 -0.790332 -0.0709417
212.103 19.9749 39.7028
0.499131 -0.715858 0.488279
212.103 24.9749 42.0459
0.499131 -0.715858 -0.488279
212.103 24.9749 37.9541
-0.523433 0.824407 0.215341
212.103 189.975 40.9023
-0.523433 0.824407 -0.215341
212.103 189.975 39.0977
0.6051 -0.741134 0.290815
217.103 24.9749 41.2185
0.6051 -0.741134 -0.290815
217.103 24.9749 38.7815
0.584605 -0.66058 0.471032
217.103 29.9749 41.9736
0.584605 -0.66058 -0.471032
217.103 29.9749 38.0264
0.782969 0.488981 0.384522
217.103 189.975 41.6111
0.782969 0.488981 -0.384522
217.103 189.975 38.3889
0.694068 -0.68762 0.213187
222.103 29.9749 40.8932
0.694068 -0.68762 -0.213187
222.103 29.9749 39.1068
0.665592 -0.602411 0.440554
222.103 34.9749 41.8459
0.665592 -0.602411 -0.440554
222.103 34.9749 38.1541
0.766813 0.433241 0.473603
222.103 174.975 41.9844
0.766813 0.433241 -0.473603
222.103 174.975 38.0156
0.860325 0.466036 0.206522
222.103 179.975 40.8653
0.860325 0.466036 -0.206522
222.103 179.975 39.1347
0.783215 -0.596233 0.176296
227.103 34.9749 40.7387
0.783215 -0.596233 -0.176296
227.103 34.9749 39.2613
0.748101 -0.550805 0.370079
227.103 39.9749 41.5506
0.748101 -0.550805 -0.370079
227.103 39.9749 38.4494
0.723424 -0.478647 0.497548
227.103 44.9749 42.0847
0.723424 -0.478647 -0.497548
227.103 44.9749 37.9153
0.792406 0.365156 0.488624
227.103 159.975 42.0473
0.792406 0.365156 -0.488624
227.103 159.975 37.9527
0.83407 0.395706 0.384375
227.103 164.975 41.6105
0.83407 0.395706 -0.384375
227.103 164.975 38.3895
0.861646 0.412697 0.295376
227.103 169.975 41.2376
0.861646 0.412697 -0.295376
227.103 169.975 38.7624
0.827986 -0.475922 0.296543
232.103 44.9749 41.2425
0.827986 -0.475922 -0.296543
232.103 44.9749 38.7575
0.810707 -0.421979 0.405817
232.103 49.9749 41.7004
0.810707 -0.421979 -0.405817
232.103 49.9749 38.2996
0.790381 -0.368417 0.489455
232.103 54.9749 42.0508
0.790381 -0.368417 -0.489455
232.103 54.9749 37.9492
0.834915 0.293368 0.465673
232.103 144.975 41.9511
0.834915 0.293368 -0.465673
232.103 144.975 38.0489
0.86031 0.320773 0.396196
232.103 149.975 41.66
0.86031 0.320773 -0.396196
232.103 149.975 38.34
0.882386 0.348913 0.315682
232.103 154.975 41.3227
0.882386 0.348913 -0.315682
232.103 154.975 38.6773
0.896747 -0.366599 0.247891
237.103 54.9749 41.0387
0.896747 -0.366599 -0.247891
237.103 54.9749 38.9613
0.869715 -0.33704 0.360556
237.103 59.9749 41.5107
0.869715 -0.33704 -0.360556
237.103 59.9749 38.4893
0.860702 -0.277325 0.426946
237.103 64.9749 41.7889
0.860702 -0.277325 -0.426946
237.103 64.9749 38.2111
0.850385 -0.227017 0.474666
237.103 69.9749 41.9888
0.850385 -0.227017 -0.474666
237.103 69.9749 38.0112
0.858458 0.163159 0.48624
237.103 119.975 42.0373
0.858458 0.163159 -0.48624
237.103 119.975 37.9627
0.870782 0.195949 0.450935
237.103 124.975 41.8894
0.870782 0.195949 -0.450935
237.103 124.975 38.1106
0.887379 0.218431 0.406012
237.103 129.975 41.7012
0.887379 0.218431 -0.406012
237.103 129.975 38.2988
0.904649 0.24243 0.350483
237.103 134.975 41.4685
0.904649 0.24243 -0.350483
237.103 134.975 38.5315
0.920712 0.283116 0.26858
237.103 139.975 41.1253
0.920712 0.283116 -0.26858
237.103 139.975 38.8747
0.937663 0.292178 0.188202
237.103 144.975 40.7886
0.937663 0.292178 -0.188202
237.103 144.975 39.2114
0.953047 -0.245223 0.177669
242.103 69.9749 40.7444
0.953047 -0.245223 -0.177669
242.103 69.9749 39.2556
0.951167 -0.156561 0.266026
242.103 74.9749 41.1146
0.951167 -0.156561 -0.266026
242.103 74.9749 38.8854
0.940032 -0.127322 0.316431
242.103 79.9749 41.3258
0.940032 -0.127322 -0.316431
242.103 79.9749 38.6742
0.935206 -0.0669086 0.347725
242.103 84.9749 41.457
0.935206 -0.0669086 -0.347725
242.103 84.9749 38.543
0.932811 -0.0407844 0.35805
242.103 89.9749 41.5002
0.932811 -0.0407844 -0.35805
242.103 89.9749 38.4998
0.930463 -0.0129731 0.366156
242.103 94.9749 41.5342
0.930463 -0.0129731 -0.366156
242.103 94.9749 38.4658
0.933349 0.0382113 0.35693
242.103 99.9749 41.4955
0.933349 0.0382113 -0.35693
242.103 99.9749 38.5045
0.937354 0.0702956 0.341213
242.103 104.975 41.4297
0.937354 0.0702956 -0.341213
242.103 104.975 38.5703
0.940963 0.122032 0.315749
242.103 109.975 41.323
0.940963 0.122032 -0.315749
242.103 109.975 38.677
0.953673 0.140642 0.265945
242.103 114.975 41.1143
0.953673 0.140642 -0.265945
242.103 114.975 38.8857
0.96736 0.151536 0.203103
242.103 119.975 40.851
0.96736 0.151536 -0.203103
242.103 119.975 39.149
0.969581 0.22016 0.106965
242.103 124.975 40.4482
0.969581 0.22016 -0.106965
242.103 124.975 39.5518
0
