3
97
494.176 409.872 0
504.663 396.434 0
515.012 385.004 0
525.194 375.491 0
535.179 367.803 0
544.938 361.849 0
554.443 357.538 0
563.665 354.778 0
572.574 353.478 0
581.141 353.547 0
589.337 354.893 0
597.134 357.426 0
604.502 361.052 0
611.411 365.683 0
617.834 371.225 0
623.741 377.587 0
629.103 384.679 0
633.89 392.409 0
638.075 400.685 0
641.627 409.417 0
644.518 418.512 0
646.718 427.88 0
648.199 437.429 0
648.931 447.067 0
648.886 456.704 0
648.035 466.248 0
646.347 475.608 0
643.795 484.693 0
640.35 493.41 0
635.981 501.669 0
630.661 509.378 0
624.359 516.446 0
617.048 522.782 0
608.698 528.294 0
599.279 532.891 0
589.243 536.623 0
579.989 540.487 0
571.468 544.704 0
563.574 549.306 0
556.203 554.323 0
549.25 559.785 0
542.611 565.723 0
536.181 572.168 0
529.856 579.15 0
523.529 586.7 0
517.098 594.848 0
510.457 603.625 0
503.501 613.062 0
496.127 623.189 0
488.652 615.224 0
481.614 605.638 0
474.913 596.719 0
468.444 588.435 0
462.104 580.757 0
455.787 573.653 0
449.389 567.092 0
442.805 561.046 0
435.93 555.482 0
428.66 550.37 0
420.89 545.68 0
412.515 541.381 0
403.431 537.442 0
393.502 533.766 0
383.816 529.37 0
375.198 524.034 0
367.622 517.851 0
361.057 510.912 0
355.475 503.31 0
350.849 495.136 0
347.148 486.483 0
344.345 477.443 0
342.41 468.108 0
341.316 458.569 0
341.034 448.92 0
341.535 439.251 0
342.79 429.654 0
344.771 420.223 0
347.449 411.049 0
350.796 402.223 0
354.782 393.838 0
359.381 385.987 0
364.561 378.76 0
370.296 372.25 0
376.557 366.549 0
383.314 361.75 0
390.54 357.943 0
398.206 355.221 0
406.282 353.677 0
414.741 353.401 0
423.554 354.487 0
432.692 357.026 0
442.126 361.11 0
451.829 366.832 0
461.771 374.282 0
471.924 383.554 0
482.259 394.739 0
492.748 407.93 0
141
-0.80818 -0.588936 0
494.176 409.872 0
-0.765982 -0.642862 0
504.663 396.434 0
-0.713442 -0.700714 0
515.012 385.004 0
-0.64811 -0.761546 0
525.194 375.491 0
-0.567385 -0.823453 0
535.179 367.803 0
-0.468979 -0.883209 0
544.938 361.849 0
-0.351753 -0.936093 0
554.443 357.538 0
-0.216825 -0.97621 0
563.665 354.778 0
-0.0684867 -0.997652 0
572.574 353.478 0
0.0858699 -0.996306 0
581.141 353.547 0
0.237293 -0.971438 0
589.337 354.893 0
0.377693 -0.925931 0
597.134 357.426 0
0.501758 -0.865008 0
604.502 361.052 0
0.60744 -0.794366 0
611.411 365.683 0
0.695238 -0.718779 0
617.834 371.225 0
0.767082 -0.64155 0
623.741 377.587 0
0.825385 -0.56457 0
629.103 384.679 0
0.872479 -0.488651 0
633.89 392.409 0
0.910336 -0.41387 0
638.075 400.685 0
0.940484 -0.339837 0
641.627 409.417 0
0.964003 -0.265892 0
644.518 418.512 0
0.981548 -0.191215 0
646.718 427.88 0
0.993375 -0.114915 0
648.199 437.429 0
0.999349 -0.0360865 0
648.931 447.067 0
0.998936 0.0461197 0
648.886 456.704 0
0.991196 0.132402 0
648.035 466.248 0
0.97478 0.223167 0
646.347 475.608 0
0.947978 0.318335 0
643.795 484.693 0
0.908864 0.417093 0
640.35 493.41 0
0.855596 0.517644 0
635.981 501.669 0
0.786904 0.617076 0
630.661 509.378 0
0.702687 0.711499 0
624.359 516.446 0
0.604531 0.796582 0
617.048 522.782 0
0.495826 0.868422 0
608.698 528.294 0
0.381303 0.92445 0
599.279 532.891 0
0.357594 0.933877 0
589.243 536.623 0
0.4141 0.910232 0
579.989 540.487 0
0.473625 0.880727 0
571.468 544.704 0
0.533565 0.845759 0
563.574 549.306 0
0.591003 0.806669 0
556.203 554.323 0
0.643273 0.765637 0
549.25 559.785 0
0.688468 0.725267 0
542.611 565.723 0
0.725673 0.68804 0
536.181 572.168 0
0.754878 0.655866 0
529.856 579.15 0
0.776694 0.629878 0
523.529 586.7 0
0.792045 0.610463 0
517.098 594.848 0
0.801927 0.597422 0
510.457 603.625 0
0.807273 0.590178 0
503.501 613.062 0
0.808898 0.58795 0
496.127 623.189 0
-0.807922 0.589289 0
488.652 615.224 0
-0.803458 0.595362 0
481.614 605.638 0
-0.794647 0.607072 0
474.913 596.719 0
-0.780581 0.625055 0
468.444 588.435 0
-0.760268 0.64961 0
462.104 580.757 0
-0.732752 0.680495 0
455.787 573.653 0
-0.697329 0.716751 0
449.389 567.092 0
-0.653843 0.75663 0
442.805 561.046 0
-0.602996 0.797744 0
435.93 555.482 0
-0.546484 0.83747 0
428.66 550.37 0
-0.486842 0.87349 0
420.89 545.68 0
-0.426984 0.904259 0
412.515 541.381 0
-0.369625 0.929181 0
403.431 537.442 0
-0.355895 0.934526 0
393.502 533.766 0
-0.47082 0.882229 0
383.816 529.37 0
-0.58089 0.813982 0
375.198 524.034 0
-0.681289 0.732015 0
367.622 517.851 0
-0.76838 0.639994 0
361.057 510.912 0
-0.840268 0.542171 0
355.475 503.31 0
-0.896767 0.442503 0
350.849 495.136 0
-0.93895 0.344053 0
347.148 486.483 0
-0.968557 0.248791 0
344.345 477.443 0
-0.987489 0.157686 0
342.41 468.108 0
-0.997481 0.0709391 0
341.316 458.569 0
-0.999931 -0.0117764 0
341.034 448.92 0
-0.995841 -0.0911087 0
341.535 439.251 0
-0.985807 -0.167883 0
342.79 429.654 0
-0.970026 -0.243002 0
344.771 420.223 0
-0.948301 -0.317373 0
347.449 411.049 0
-0.92003 -0.391847 0
350.796 402.223 0
-0.884183 -0.46714 0
354.782 393.838 0
-0.839267 -0.54372 0
359.381 385.987 0
-0.783316 -0.621624 0
364.561 378.76 0
-0.71396 -0.700186 0
370.296 372.25 0
-0.628661 -0.777679 0
376.557 366.549 0
-0.525252 -0.850947 0
383.314 361.75 0
-0.402875 -0.915255 0
390.54 357.943 0
-0.26317 -0.964749 0
398.206 355.221 0
-0.111157 -0.993803 0
406.282 353.677 0
0.0450728 -0.998984 0
414.741 353.401 0
0.196218 -0.98056 0
423.554 354.487 0
0.334351 -0.942449 0
432.692 357.026 0
0.454691 -0.890649 0
442.126 361.11 0
0.555824 -0.8313 0
451.829 366.832 0
0.638784 -0.769386 0
461.771 374.282 0
0.705877 -0.708334 0
471.924 383.554 0
0.75978 -0.650181 0
482.259 394.739 0
0.803025 -0.595945 0
492.748 407.93 0
-0.97039 0.0229654 0.240451
341.026 453.345 7.40549
-0.97039 0.0229654 -0.240451
341.026 453.345 -7.40549
-0.812449 -0.482134 0.327831
361.026 393.345 10.0966
-0.812449 -0.482134 -0.327831
361.026 393.345 -10.0966
-0.796076 0.427471 0.428405
361.026 493.345 13.1942
-0.796076 0.427471 -0.428405
361.026 493.345 -13.1942
-0.565726 -0.718389 0.404811
381.026 373.345 12.4675
-0.565726 -0.718389 -0.404811
381.026 373.345 -12.4675
-0.577781 0.661297 0.478389
381.026 513.345 14.7336
-0.577781 0.661297 -0.478389
381.026 513.345 -14.7336
-0.390611 0.875322 0.285015
401.026 533.345 8.778
-0.390611 0.875322 -0.285015
401.026 533.345 -8.778
-0.444169 0.770184 0.457744
421.026 533.345 14.0978
-0.444169 0.770184 -0.457744
421.026 533.345 -14.0978
-0.576755 0.755187 0.311524
441.026 553.345 9.59444
-0.576755 0.755187 -0.311524
441.026 553.345 -9.59444
-0.668324 0.659648 0.343814
461.026 573.345 10.5889
-0.668324 0.659648 -0.343814
461.026 573.345 -10.5889
0.718288 -0.646776 0.256405
481.026 393.345 7.89685
0.718288 -0.646776 -0.256405
481.026 393.345 -7.89685
0.701385 0.588805 0.401706
501.026 613.345 12.3719
0.701385 0.588805 -0.401706
501.026 613.345 -12.3719
-0.39315 -0.774552 0.495482
541.026 373.345 15.26
-0.39315 -0.774552 -0.495482
541.026 373.345 -15.26
0.555009 0.698536 0.451677
541.026 553.345 13.9109
0.555009 0.698536 -0.451677
541.026 553.345 -13.9109
0.085939 -0.996059 0.0219306
581.026 353.345 0.675425
0.085939 -0.996059 -0.0219306
581.026 353.345 -0.675425
0.417294 0.8363 0.355624
581.026 533.345 10.9526
0.417294 0.8363 -0.355624
581.026 533.345 -10.9526
0.463996 -0.737055 0.491383
601.026 373.345 15.1338
0.463996 -0.737055 -0.491383
601.026 373.345 -15.1338
0.725806 -0.505069 0.467023
621.026 393.345 14.3835
0.725806 -0.505069 -0.467023
621.026 393.345 -14.3835
0.682513 0.671682 0.288129
621.026 513.345 8.8739
0.682513 0.671682 -0.288129
621.026 513.345 -8.8739
0.918042 -0.314288 0.241705
641.026 413.345 7.44411
0.918042 -0.314288 -0.241705
641.026 413.345 -7.44411
0.922947 -0.148877 0.354971
641.026 433.345 10.9325
0.922947 -0.148877 -0.354971
641.026 433.345 -10.9325
0.922834 0.0212978 0.384608
641.026 453.345 11.8453
0.922834 0.0212978 -0.384608
641.026 453.345 -11.8453
0.923786 0.207627 0.321731
641.026 473.345 9.90877
0.923786 0.207627 -0.321731
641.026 473.345 -9.90877
0
