3
86
244.609 426.465 31.7291
242.597 416.669 31.7291
240.585 406.874 31.7291
236.923 399.346 31.7291
233.461 391.165 31.7291
230.493 382.046 31.7291
228.015 372.153 31.7291
226.02 361.649 31.7291
224.503 350.697 31.7291
223.461 339.461 31.7291
222.886 328.102 31.7291
222.775 316.785 31.7291
223.122 305.672 31.7291
223.922 294.927 31.7291
225.169 284.712 31.7291
226.859 275.192 31.7291
228.987 266.528 31.7291
231.547 258.884 31.7291
234.444 251.057 31.7291
237.717 241.307 31.7291
241.495 231.586 31.7291
245.683 221.897 31.7291
250.187 212.242 31.7291
254.912 202.622 31.7291
259.763 193.042 31.7291
264.645 183.503 31.7291
269.464 174.007 31.7291
274.125 164.557 31.7291
278.533 155.155 31.7291
282.594 145.804 31.7291
286.212 136.506 31.7291
289.293 127.263 31.7291
291.742 118.078 31.7291
293.465 108.954 31.7291
294.366 99.8916 31.7291
294.352 90.8945 31.7291
293.327 81.9648 31.7291
291.196 73.1049 31.7291
287.865 64.3171 31.7291
283.239 55.604 31.7291
281.851 45.5971 31.7291
286.45 41.241 31.7291
294.442 42.4854 31.7291
303.263 48.9582 31.7291
310.352 60.2877 31.7291
313.081 66.3378 31.7291
315.924 72.3792 31.7291
318.976 78.9427 31.7291
322.15 86.0102 31.7291
325.359 93.5633 31.7291
328.514 101.584 31.7291
331.528 110.053 31.7291
334.313 118.953 31.7291
336.783 128.266 31.7291
338.849 137.973 31.7291
340.424 148.055 31.7291
341.421 158.495 31.7291
341.751 169.275 31.7291
341.328 180.375 31.7291
340.063 191.777 31.7291
337.87 203.465 31.7291
334.66 215.418 31.7291
330.346 227.618 31.7291
324.841 240.049 31.7291
318.943 252.514 31.7291
314.031 264.178 31.7291
309.387 275.058 31.7291
305.023 285.263 31.7291
300.953 294.901 31.7291
297.19 304.081 31.7291
293.748 312.912 31.7291
290.639 321.504 31.7291
287.879 329.964 31.7291
285.479 338.403 31.7291
283.453 346.928 31.7291
281.815 355.649 31.7291
280.578 364.674 31.7291
279.755 374.112 31.7291
279.36 384.073 31.7291
281.567 393.806 31.7291
284.969 403.209 31.7291
282.309 408.609 31.7291
272.719 415.852 31.7291
260.477 422.906 31.7291
249.727 427.28 31.7291
244.613 426.483 31.7291
260
-0.979548 0.201213 0
244.609 426.465 31.7291
-0.979548 0.201211 0
242.597 416.669 31.7291
-0.979548 0.201209 0
240.585 406.874 31.7291
-0.899938 0.436019 0
236.923 399.346 31.7291
-0.937747 0.34732 0
233.461 391.165 31.7291
-0.96156 0.274595 0
230.493 382.046 31.7291
-0.976917 0.213619 0
228.015 372.153 31.7291
-0.98695 0.161029 0
226.02 361.649 31.7291
-0.993455 0.114223 0
224.503 350.697 31.7291
-0.997466 0.071147 0
223.461 339.461 31.7291
-0.999548 0.0300773 0
222.886 328.102 31.7291
-0.999944 -0.0105548 0
222.775 316.785 31.7291
-0.99863 -0.0523346 0
223.122 305.672 31.7291
-0.99528 -0.0970494 0
223.922 294.927 31.7291
-0.989147 -0.146926 0
225.169 284.712 31.7291
-0.978767 -0.204976 0
226.859 275.192 31.7291
-0.961297 -0.275515 0
228.987 266.528 31.7291
-0.931052 -0.364888 0
231.547 258.884 31.7291
-0.956207 -0.292691 0
234.444 251.057 31.7291
-0.939768 -0.341814 0
237.717 241.307 31.7291
-0.924595 -0.380953 0
241.495 231.586 31.7291
-0.9116 -0.411079 0
245.683 221.897 31.7291
-0.901376 -0.433038 0
250.187 212.242 31.7291
-0.894295 -0.447477 0
254.912 202.622 31.7291
-0.890585 -0.454818 0
259.763 193.042 31.7291
-0.890372 -0.455234 0
264.645 183.503 31.7291
-0.893708 -0.44865 0
269.464 174.007 31.7291
-0.900565 -0.43472 0
274.125 164.557 31.7291
-0.91081 -0.412825 0
278.533 155.155 31.7291
-0.92414 -0.382055 0
282.594 145.804 31.7291
-0.939981 -0.341227 0
286.212 136.506 31.7291
-0.957346 -0.288944 0
289.293 127.263 31.7291
-0.974645 -0.223758 0
291.742 118.078 31.7291
-0.989506 -0.144493 0
293.465 108.954 31.7291
-0.998709 -0.0507944 0
294.366 99.8916 31.7291
-0.998422 0.0561525 0
294.352 90.8945 31.7291
-0.984925 0.172984 0
293.327 81.9648 31.7291
-0.955779 0.294087 0
291.196 73.1049 31.7291
-0.910949 0.412518 0
287.865 64.3171 31.7291
-0.853121 0.521713 0
283.239 55.604 31.7291
-0.962589 -0.270964 0
281.851 45.5971 31.7291
-0.216934 -0.976186 0
286.45 41.241 31.7291
0.405673 -0.914018 0
294.442 42.4854 31.7291
0.730376 -0.683046 0
303.263 48.9582 31.7291
0.930448 -0.366424 0
310.352 60.2877 31.7291
0.905316 -0.424738 0
313.081 66.3378 31.7291
0.905106 -0.425187 0
315.924 72.3792 31.7291
0.908939 -0.416929 0
318.976 78.9427 31.7291
0.915877 -0.40146 0
322.15 86.0102 31.7291
0.925155 -0.37959 0
325.359 93.5633 31.7291
0.936102 -0.351728 0
328.514 101.584 31.7291
0.948076 -0.318043 0
331.528 110.053 31.7291
0.960414 -0.278575 0
334.313 118.953 31.7291
0.972399 -0.233322 0
336.783 128.266 31.7291
0.98324 -0.182314 0
338.849 137.973 31.7291
0.99207 -0.125687 0
340.424 148.055 31.7291
0.997965 -0.0637585 0
341.421 158.495 31.7291
0.999996 0.00291544 0
341.751 169.275 31.7291
0.997296 0.0734943 0
341.328 180.375 31.7291
0.989159 0.146851 0
340.063 191.777 31.7291
0.975134 0.221615 0
337.87 203.465 31.7291
0.955105 0.296267 0
334.66 215.418 31.7291
0.929322 0.369269 0
330.346 227.618 31.7291
0.898385 0.439208 0
324.841 240.049 31.7291
0.92303 0.384727 0
318.943 252.514 31.7291
0.920415 0.390942 0
314.031 264.178 31.7291
0.91927 0.393627 0
309.387 275.058 31.7291
0.919981 0.391962 0
305.023 285.263 31.7291
0.922873 0.385104 0
300.953 294.901 31.7291
0.92813 0.372257 0
297.19 304.081 31.7291
0.935709 0.352773 0
293.748 312.912 31.7291
0.94527 0.326291 0
290.639 321.504 31.7291
0.956148 0.292884 0
287.879 329.964 31.7291
0.967416 0.253194 0
285.479 338.403 31.7291
0.978028 0.208474 0
283.453 346.928 31.7291
0.987037 0.160495 0
281.815 355.649 31.7291
0.993785 0.111318 0
280.578 364.674 31.7291
0.998015 0.0629756 0
279.755 374.112 31.7291
0.999852 0.0171891 0
279.36 384.073 31.7291
0.940331 -0.340261 0
281.567 393.806 31.7291
0.940329 -0.340267 0
284.969 403.209 31.7291
0.687002 0.726655 0
282.309 408.609 31.7291
0.545989 0.837792 0
272.719 415.852 31.7291
0.449338 0.893362 0
260.477 422.906 31.7291
0.247605 0.968861 0
249.727 427.28 31.7291
-0.977208 0.212282 0
244.613 426.483 31.7291
-0.93074 0.0033049 0.365667
222.76 320.673 36.0802
-0.93074 0.0033049 -0.365667
222.76 320.673 27.3779
-0.984522 0.0304809 0.172593
222.76 326.622 33.7828
-0.984522 0.0304809 -0.172593
222.76 326.622 29.6754
-0.958825 -0.274515 0.0727709
228.709 267.126 32.595
-0.958825 -0.274515 -0.0727709
228.709 267.126 30.8632
-0.940742 -0.207112 0.26853
228.709 273.076 34.9244
-0.940742 -0.207112 -0.26853
228.709 273.076 28.5338
-0.917342 -0.17849 0.355843
228.709 279.025 35.9633
-0.917342 -0.17849 -0.355843
228.709 279.025 27.4948
-0.929781 -0.140539 0.340228
228.709 284.975 35.7775
-0.929781 -0.140539 -0.340228
228.709 284.975 27.6806
-0.887375 -0.105481 0.448821
228.709 290.924 37.0697
-0.887375 -0.105481 -0.448821
228.709 290.924 26.3885
-0.890219 -0.0813977 0.448201
228.709 296.874 37.0623
-0.890219 -0.0813977 -0.448201
228.709 296.874 26.3958
-0.867399 -0.0509154 0.495001
228.709 302.824 37.6192
-0.867399 -0.0509154 -0.495001
228.709 302.824 25.8389
-0.889127 0.118593 0.442028
228.709 350.421 36.9889
-0.889127 0.118593 -0.442028
228.709 350.421 26.4693
-0.858011 0.144766 0.492809
228.709 356.37 37.5931
-0.858011 0.144766 -0.492809
228.709 356.37 25.865
-0.930963 0.163545 0.326438
228.709 362.32 35.6134
-0.930963 0.163545 -0.326438
228.709 362.32 27.8447
-0.893159 0.200491 0.402579
228.709 368.269 36.5195
-0.893159 0.200491 -0.402579
228.709 368.269 26.9387
-0.900421 -0.301221 0.31386
234.659 255.227 35.4638
-0.900421 -0.301221 -0.31386
234.659 255.227 27.9944
-0.887778 -0.31021 0.340029
234.659 261.176 35.7752
-0.887778 -0.31021 -0.340029
234.659 261.176 27.683
-0.867015 -0.247737 0.432332
234.659 267.126 36.8735
-0.867015 -0.247737 -0.432332
234.659 267.126 26.5847
-0.83563 0.262112 0.482721
234.659 380.169 37.4731
-0.83563 0.262112 -0.482721
234.659 380.169 25.9851
-0.836107 0.298582 0.46019
234.659 386.118 37.205
-0.836107 0.298582 -0.46019
234.659 386.118 26.2532
-0.916758 0.344189 0.202704
234.659 392.068 34.1411
-0.916758 0.344189 -0.202704
234.659 392.068 29.3171
-0.872037 -0.331599 0.35999
240.608 237.378 36.0127
-0.872037 -0.331599 -0.35999
240.608 237.378 27.4455
-0.888303 -0.320033 0.329389
240.608 243.328 35.6486
-0.888303 -0.320033 -0.329389
240.608 243.328 27.8096
-0.845272 -0.280799 0.454606
240.608 249.277 37.1385
-0.845272 -0.280799 -0.454606
240.608 249.277 26.3196
-0.805995 0.368224 0.463447
240.608 398.018 37.2437
-0.805995 0.368224 -0.463447
240.608 398.018 26.2144
-0.886998 0.254545 0.38528
240.608 403.967 36.3136
-0.886998 0.254545 -0.38528
240.608 403.967 27.1445
-0.86272 -0.380811 0.332713
246.558 225.479 35.6881
-0.86272 -0.380811 -0.332713
246.558 225.479 27.7701
-0.839873 -0.346109 0.418117
246.558 231.428 36.7043
-0.839873 -0.346109 -0.418117
246.558 231.428 26.7538
-0.836149 -0.407441 0.367215
252.508 207.63 36.0986
-0.836149 -0.407441 -0.367215
252.508 207.63 27.3595
-0.868241 -0.415428 0.271252
252.508 213.579 34.9568
-0.868241 -0.415428 -0.271252
252.508 213.579 28.5014
-0.800407 -0.367359 0.473705
252.508 219.529 37.3658
-0.800407 -0.367359 -0.473705
252.508 219.529 26.0924
-0.852249 -0.434135 0.291887
258.457 195.731 35.2023
-0.852249 -0.434135 -0.291887
258.457 195.731 28.2558
-0.839194 -0.420349 0.345051
258.457 201.68 35.8349
-0.839194 -0.420349 -0.345051
258.457 201.68 27.6232
-0.789968 -0.389953 0.473167
258.457 207.63 37.3594
-0.789968 -0.389953 -0.473167
258.457 207.63 26.0988
0.337741 0.820755 0.460752
258.457 421.816 37.2117
0.337741 0.820755 -0.460752
258.457 421.816 26.2465
-0.889364 -0.454746 0.0472939
264.407 183.831 32.2918
-0.889364 -0.454746 -0.0472939
264.407 183.831 31.1663
-0.808215 -0.415085 0.417723
264.407 189.781 36.6997
-0.808215 -0.415085 -0.417723
264.407 189.781 26.7585
-0.790434 -0.404781 0.459745
264.407 195.731 37.1997
-0.790434 -0.404781 -0.459745
264.407 195.731 26.2585
-0.82484 -0.419437 0.379093
270.356 177.882 36.24
-0.82484 -0.419437 -0.379093
270.356 177.882 27.2182
-0.778733 -0.402717 0.481034
270.356 183.831 37.453
-0.778733 -0.402717 -0.481034
270.356 183.831 26.0051
0.49995 0.776871 0.382782
270.356 415.866 36.2839
0.49995 0.776871 -0.382782
270.356 415.866 27.1743
-0.824901 -0.394813 0.40455
276.306 160.033 36.5429
-0.824901 -0.394813 -0.40455
276.306 160.033 26.9152
-0.858435 -0.418219 0.296955
276.306 165.983 35.2626
-0.858435 -0.418219 -0.296955
276.306 165.983 28.1955
0.896412 0.0757225 0.436706
276.306 374.219 36.9255
0.896412 0.0757225 -0.436706
276.306 374.219 26.5326
0.870992 0.0182811 0.490956
276.306 386.118 37.5711
0.870992 0.0182811 -0.490956
276.306 386.118 25.8871
-0.892471 -0.280224 0.353511
282.256 46.9902 35.9356
-0.892471 -0.280224 -0.353511
282.256 46.9902 27.5226
-0.882131 -0.372169 0.288678
282.256 148.134 35.1641
-0.882131 -0.372169 -0.288678
282.256 148.134 28.294
-0.827767 -0.380951 0.41192
282.256 154.083 36.6306
-0.827767 -0.380951 -0.41192
282.256 154.083 26.8276
0.83795 0.251487 0.484349
282.256 332.572 37.4925
0.83795 0.251487 -0.484349
282.256 332.572 25.9657
0.901937 0.240988 0.358378
282.256 338.521 35.9935
0.901937 0.240988 -0.358378
282.256 338.521 27.4647
0.925788 0.20908 0.314965
282.256 344.471 35.4769
0.925788 0.20908 -0.314965
282.256 344.471 27.9812
0.911268 0.189827 0.365454
282.256 350.421 36.0777
0.911268 0.189827 -0.365454
282.256 350.421 27.3805
-0.902462 0.405236 0.146102
288.205 64.8391 33.4676
-0.902462 0.405236 -0.146102
288.205 64.8391 29.9906
-0.874268 -0.28608 0.392191
288.205 130.285 36.3959
-0.874268 -0.28608 -0.392191
288.205 130.285 27.0623
-0.901626 -0.332014 0.277194
288.205 136.234 35.0275
-0.901626 -0.332014 -0.277194
288.205 136.234 28.4307
0.828519 0.307257 0.468134
288.205 314.723 37.2995
0.828519 0.307257 -0.468134
288.205 314.723 26.1586
0.903902 0.313724 0.290756
288.205 320.673 35.1889
0.903902 0.313724 -0.290756
288.205 320.673 28.2693
0.898582 0.287375 0.331612
288.205 326.622 35.675
0.898582 0.287375 -0.331612
288.205 326.622 27.7832
-0.956485 0.161341 0.243116
294.155 82.6879 34.622
-0.956485 0.161341 -0.243116
294.155 82.6879 28.8362
-0.90544 0.0415347 0.422436
294.155 88.6375 36.7557
-0.90544 0.0415347 -0.422436
294.155 88.6375 26.7024
-0.989962 -0.0521865 0.131345
294.155 100.537 33.292
-0.989962 -0.0521865 -0.131345
294.155 100.537 30.1662
-0.904095 -0.138331 0.404323
294.155 106.486 36.5402
-0.904095 -0.138331 -0.404323
294.155 106.486 26.9179
-0.863252 -0.165419 0.476899
294.155 112.436 37.4038
-0.863252 -0.165419 -0.476899
294.155 112.436 26.0543
-0.90198 -0.219321 0.371929
294.155 118.386 36.1547
-0.90198 -0.219321 -0.371929
294.155 118.386 27.3034
0.871395 0.349878 0.343883
294.155 302.824 35.821
0.871395 0.349878 -0.343883
294.155 302.824 27.6371
0.869435 0.336142 0.362065
294.155 308.773 36.0374
0.869435 0.336142 -0.362065
294.155 308.773 27.4208
0.822534 0.349304 0.448804
300.105 284.975 37.0695
0.822534 0.349304 -0.448804
300.105 284.975 26.3887
0.853484 0.357491 0.379163
300.105 290.924 36.2408
0.853484 0.357491 -0.379163
300.105 290.924 27.2173
0.848092 0.361959 0.386943
306.054 273.076 36.3334
0.848092 0.361959 -0.386943
306.054 273.076 27.1248
0.839008 0.357514 0.410182
306.054 279.025 36.6099
0.839008 0.357514 -0.410182
306.054 279.025 26.8482
0.857184 0.362268 0.366055
312.004 261.176 36.0849
0.857184 0.362268 -0.366055
312.004 261.176 27.3733
0.863054 0.365747 0.348378
312.004 267.126 35.8745
0.863054 0.365747 -0.348378
312.004 267.126 27.5837
0.86538 0.361289 0.347256
317.953 249.277 35.8612
0.86538 0.361289 -0.347256
317.953 249.277 27.597
0.880897 -0.369601 0.295661
323.903 94.5871 35.2472
0.880897 -0.369601 -0.295661
323.903 94.5871 28.2109
0.862162 0.407757 0.300683
323.903 237.378 35.307
0.862162 0.407757 -0.300683
323.903 237.378 28.1512
0.843529 -0.314144 0.43563
329.853 106.486 36.9127
0.843529 -0.314144 -0.43563
329.853 106.486 26.5454
0.869056 -0.303151 0.390949
329.853 112.436 36.3811
0.869056 -0.303151 -0.390949
329.853 112.436 27.0771
0.847144 0.245452 0.471275
329.853 213.579 37.3369
0.847144 0.245452 -0.471275
329.853 213.579 26.1213
0.832934 0.267023 0.484686
329.853 219.529 37.4965
0.832934 0.267023 -0.484686
329.853 219.529 25.9617
0.904584 0.353072 0.23889
329.853 225.479 34.5717
0.904584 0.353072 -0.23889
329.853 225.479 28.8865
0.878285 -0.241029 0.41294
335.802 124.335 36.6427
0.878285 -0.241029 -0.41294
335.802 124.335 26.8154
0.929609 -0.227886 0.289647
335.802 130.285 35.1756
0.929609 -0.227886 -0.289647
335.802 130.285 28.2825
0.898 -0.186303 0.398607
335.802 136.234 36.4722
0.898 -0.186303 -0.398607
335.802 136.234 26.986
0.85876 -0.164611 0.485215
335.802 142.184 37.5028
0.85876 -0.164611 -0.485215
335.802 142.184 25.9554
0.871192 -0.130787 0.4732
335.802 148.134 37.3598
0.871192 -0.130787 -0.4732
335.802 148.134 26.0984
0.88887 0.11308 0.443984
335.802 189.781 37.0121
0.88887 0.11308 -0.443984
335.802 189.781 26.446
0.872738 0.136346 0.468763
335.802 195.731 37.307
0.872738 0.136346 -0.468763
335.802 195.731 26.1512
0.93431 0.204246 0.292144
335.802 201.68 35.2054
0.93431 0.204246 -0.292144
335.802 201.68 28.2528
0.889338 0.208598 0.406896
335.802 207.63 36.5708
0.889338 0.208598 -0.406896
335.802 207.63 26.8873
0
