3
131
523.911 620.02 -81.8511
516.398 642.598 -81.8511
510.778 661.898 -81.8511
506.822 678.255 -81.8511
504.305 692.004 -81.8511
502.997 703.479 -81.8511
502.674 713.018 -81.8511
503.107 720.953 -81.8511
504.069 727.621 -81.8511
505.333 733.357 -81.8511
506.673 738.495 -81.8511
507.86 743.372 -81.8511
508.668 748.322 -81.8511
508.869 753.68 -81.8511
508.238 759.782 -81.8511
506.545 766.963 -81.8511
503.565 775.557 -81.8511
501.17 781.667 -81.8511
499.641 785.919 -81.8511
497.665 791.287 -81.8511
495.279 797.679 -81.8511
492.519 805.003 -81.8511
489.42 813.17 -81.8511
486.018 822.086 -81.8511
482.349 831.661 -81.8511
478.448 841.803 -81.8511
474.353 852.421 -81.8511
470.097 863.423 -81.8511
465.718 874.718 -81.8511
461.251 886.214 -81.8511
456.732 897.82 -81.8511
452.197 909.444 -81.8511
447.681 920.995 -81.8511
443.221 932.381 -81.8511
438.852 943.512 -81.8511
434.61 954.295 -81.8511
430.531 964.639 -81.8511
426.651 974.453 -81.8511
423.005 983.645 -81.8511
419.63 992.124 -81.8511
416.561 999.798 -81.8511
409.668 1005.39 -81.8511
401.685 1010.18 -81.8511
393.207 1014.32 -81.8511
384.288 1017.78 -81.8511
374.982 1020.56 -81.8511
365.343 1022.62 -81.8511
355.425 1023.94 -81.8511
345.282 1024.5 -81.8511
334.968 1024.27 -81.8511
324.536 1023.23 -81.8511
314.042 1021.36 -81.8511
303.539 1018.63 -81.8511
294.407 1015.39 -81.8511
287.204 1010.93 -81.8511
281.766 1005.32 -81.8511
278.288 998.916 -81.8511
276.963 992.071 -81.8511
277.985 985.136 -81.8511
281.547 978.462 -81.8511
287.844 972.404 -81.8511
297.069 967.312 -81.8511
309.416 963.54 -81.8511
325.079 961.441 -81.8511
341.281 959.38 -81.8511
346.069 949.548 -81.8511
350.943 939.697 -81.8511
355.85 929.838 -81.8511
360.737 919.979 -81.8511
365.552 910.13 -81.8511
370.24 900.301 -81.8511
374.75 890.502 -81.8511
379.028 880.742 -81.8511
383.021 871.031 -81.8511
386.677 861.379 -81.8511
389.942 851.795 -81.8511
392.764 842.289 -81.8511
395.089 832.871 -81.8511
396.865 823.55 -81.8511
398.039 814.336 -81.8511
398.557 805.238 -81.8511
398.368 796.267 -81.8511
397.417 787.432 -81.8511
395.652 778.743 -81.8511
393.02 770.209 -81.8511
389.468 761.84 -81.8511
384.944 753.646 -81.8511
379.393 745.636 -81.8511
372.803 737.306 -81.8511
366.689 722.694 -81.8511
361.408 709.057 -81.8511
356.898 696.329 -81.8511
353.097 684.44 -81.8511
349.945 673.323 -81.8511
347.381 662.91 -81.8511
345.343 653.133 -81.8511
343.77 643.923 -81.8511
342.601 635.213 -81.8511
341.774 626.935 -81.8511
341.229 619.02 -81.8511
340.904 611.4 -81.8511
340.738 604.008 -81.8511
340.67 596.776 -81.8511
340.639 589.635 -81.8511
340.583 582.517 -81.8511
341.424 578.027 -81.8511
344.081 573.532 -81.8511
348.389 569.009 -81.8511
354.184 564.524 -81.8511
361.303 560.144 -81.8511
369.582 555.938 -81.8511
378.857 551.972 -81.8511
388.964 548.315 -81.8511
399.739 545.034 -81.8511
411.019 542.196 -81.8511
422.639 539.869 -81.8511
434.437 538.12 -81.8511
446.247 537.016 -81.8511
457.906 536.627 -81.8511
469.251 537.018 -81.8511
480.117 538.257 -81.8511
490.34 540.412 -81.8511
499.758 543.551 -81.8511
508.205 547.74 -81.8511
515.518 553.048 -81.8511
521.534 559.542 -81.8511
526.088 567.289 -81.8511
529.017 576.357 -81.8511
530.156 586.813 -81.8511
529.343 598.725 -81.8511
526.412 612.161 -81.8511
249
0.94363 0.331003 0
523.911 620.02 -81.8511
0.954447 0.29838 0
516.398 642.598 -81.8511
0.966089 0.258208 0
510.778 661.898 -81.8511
0.978001 0.208602 0
506.822 678.255 -81.8511
0.989039 0.147653 0
504.305 692.004 -81.8511
0.997245 0.0741848 0
502.997 703.479 -81.8511
0.999943 -0.0106563 0
502.674 713.018 -81.8511
0.99489 -0.100966 0
503.107 720.953 -81.8511
0.98291 -0.184085 0
504.069 727.621 -81.8511
0.970383 -0.241571 0
505.333 733.357 -81.8511
0.96717 -0.25413 0
506.673 738.495 -81.8511
0.978025 -0.208485 0
507.86 743.372 -81.8511
0.994383 -0.105846 0
508.668 748.322 -81.8511
0.999513 0.0312191 0
508.869 753.68 -81.8511
0.985738 0.168288 0
508.238 759.782 -81.8511
0.95953 0.281605 0
506.545 766.963 -81.8511
0.930693 0.365802 0
503.565 775.557 -81.8511
0.942898 0.333083 0
501.17 781.667 -81.8511
0.93956 0.342385 0
499.641 785.919 -81.8511
0.937582 0.347765 0
497.665 791.287 -81.8511
0.936266 0.351293 0
495.279 797.679 -81.8511
0.93532 0.353803 0
492.519 805.003 -81.8511
0.934602 0.355696 0
489.42 813.17 -81.8511
0.934032 0.357188 0
486.018 822.086 -81.8511
0.933565 0.358409 0
482.349 831.661 -81.8511
0.933169 0.359438 0
478.448 841.803 -81.8511
0.932825 0.360331 0
474.353 852.421 -81.8511
0.932518 0.361124 0
470.097 863.423 -81.8511
0.932238 0.361846 0
465.718 874.718 -81.8511
0.931976 0.36252 0
461.251 886.214 -81.8511
0.931726 0.363162 0
456.732 897.82 -81.8511
0.931482 0.363788 0
452.197 909.444 -81.8511
0.931237 0.364414 0
447.681 920.995 -81.8511
0.930986 0.365054 0
443.221 932.381 -81.8511
0.930722 0.365726 0
438.852 943.512 -81.8511
0.930438 0.36645 0
434.61 954.295 -81.8511
0.930122 0.36725 0
430.531 964.639 -81.8511
0.929761 0.368163 0
426.651 974.453 -81.8511
0.929336 0.369236 0
423.005 983.645 -81.8511
0.928814 0.370547 0
419.63 992.124 -81.8511
0.928145 0.372219 0
416.561 999.798 -81.8511
0.551227 0.834355 0
409.668 1005.39 -81.8511
0.476429 0.879213 0
401.685 1010.18 -81.8511
0.40064 0.916236 0
393.207 1014.32 -81.8511
0.324258 0.945969 0
384.288 1017.78 -81.8511
0.247525 0.968881 0
374.982 1020.56 -81.8511
0.170581 0.985344 0
365.343 1022.62 -81.8511
0.0935137 0.995618 0
355.425 1023.94 -81.8511
0.0164075 0.999865 0
345.282 1024.5 -81.8511
-0.0606234 0.998161 0
334.968 1024.27 -81.8511
-0.137401 0.990515 0
324.536 1023.23 -81.8511
-0.213667 0.976907 0
314.042 1021.36 -81.8511
-0.289063 0.95731 0
303.539 1018.63 -81.8511
-0.425236 0.905082 0
294.407 1015.39 -81.8511
-0.625476 0.780244 0
287.204 1010.93 -81.8511
-0.80366 0.595088 0
281.766 1005.32 -81.8511
-0.939622 0.342215 0
278.288 998.916 -81.8511
-0.99965 0.0264556 0
276.963 992.071 -81.8511
-0.949835 -0.312753 0
277.985 985.136 -81.8511
-0.79529 -0.606229 0
281.547 978.462 -81.8511
-0.589055 -0.808093 0
287.844 972.404 -81.8511
-0.385323 -0.922782 0
297.069 967.312 -81.8511
-0.20956 -0.977796 0
309.416 963.54 -81.8511
-0.0657928 -0.997833 0
325.079 961.441 -81.8511
-0.901015 -0.433788 0
341.281 959.38 -81.8511
-0.897382 -0.441254 0
346.069 949.548 -81.8511
-0.89548 -0.445102 0
350.943 939.697 -81.8511
-0.895319 -0.445425 0
355.85 929.838 -81.8511
-0.896899 -0.442236 0
360.737 919.979 -81.8511
-0.900208 -0.435461 0
365.552 910.13 -81.8511
-0.905218 -0.424947 0
370.24 900.301 -81.8511
-0.911883 -0.410451 0
374.75 890.502 -81.8511
-0.920119 -0.391639 0
379.028 880.742 -81.8511
-0.929793 -0.368083 0
383.021 871.031 -81.8511
-0.940694 -0.339257 0
386.677 861.379 -81.8511
-0.952499 -0.304541 0
389.942 851.795 -81.8511
-0.964729 -0.263247 0
392.764 842.289 -81.8511
-0.976692 -0.214647 0
395.089 832.871 -81.8511
-0.98743 -0.158057 0
396.865 823.55 -81.8511
-0.99567 -0.0929584 0
398.039 814.336 -81.8511
-0.999816 -0.0191705 0
398.557 805.238 -81.8511
-0.998019 0.0629195 0
398.368 796.267 -81.8511
-0.98836 0.152134 0
397.417 787.432 -81.8511
-0.969177 0.246365 0
395.652 778.743 -81.8511
-0.939468 0.342638 0
393.02 770.209 -81.8511
-0.899248 0.43744 0
389.468 761.84 -81.8511
-0.849694 0.527276 0
384.944 753.646 -81.8511
-0.792965 0.609268 0
379.393 745.636 -81.8511
-0.917623 0.397453 0
372.803 737.306 -81.8511
-0.927518 0.373779 0
366.689 722.694 -81.8511
-0.937575 0.347784 0
361.408 709.057 -81.8511
-0.947611 0.319426 0
356.898 696.329 -81.8511
-0.957401 0.288763 0
353.097 684.44 -81.8511
-0.966676 0.256004 0
349.945 673.323 -81.8511
-0.975149 0.221549 0
347.381 662.91 -81.8511
-0.982543 0.186034 0
345.343 653.133 -81.8511
-0.988633 0.150352 0
343.77 643.923 -81.8511
-0.99329 0.115647 0
342.601 635.213 -81.8511
-0.996527 0.0832694 0
341.774 626.935 -81.8511
-0.998504 0.0546863 0
341.229 619.02 -81.8511
-0.999508 0.0313606 0
340.904 611.4 -81.8511
-0.999893 0.0146156 0
340.738 604.008 -81.8511
-0.999985 0.00550471 0
340.67 596.776 -81.8511
-0.999989 0.00470429 0
340.639 589.635 -81.8511
-0.999923 0.0124383 0
340.583 582.517 -81.8511
-0.928948 -0.37021 0
341.424 578.027 -81.8511
-0.789873 -0.613271 0
344.081 573.532 -81.8511
-0.664449 -0.747333 0
348.389 569.009 -81.8511
-0.565279 -0.8249 0
354.184 564.524 -81.8511
-0.486659 -0.873592 0
361.303 560.144 -81.8511
-0.421912 -0.906637 0
369.582 555.938 -81.8511
-0.366042 -0.930598 0
378.857 551.972 -81.8511
-0.315497 -0.948927 0
388.964 548.315 -81.8511
-0.267659 -0.963514 0
399.739 545.034 -81.8511
-0.220443 -0.9754 0
411.019 542.196 -81.8511
-0.172018 -0.985094 0
422.639 539.869 -81.8511
-0.120599 -0.992701 0
434.437 538.12 -81.8511
-0.0642881 -0.997931 0
446.247 537.016 -81.8511
-0.000923486 -1 0
457.906 536.627 -81.8511
0.0720272 -0.997403 0
469.251 537.018 -81.8511
0.157489 -0.987521 0
480.117 538.257 -81.8511
0.258536 -0.966002 0
490.34 540.412 -81.8511
0.377518 -0.926002 0
499.758 543.551 -81.8511
0.513915 -0.857841 0
508.205 547.74 -81.8511
0.660666 -0.75068 0
515.518 553.048 -81.8511
0.801058 -0.598587 0
521.534 559.542 -81.8511
0.912309 -0.409502 0
526.088 567.289 -81.8511
0.978375 -0.206838 0
529.017 576.357 -81.8511
0.999855 -0.0170261 0
530.156 586.813 -81.8511
0.989554 0.144162 0
529.343 598.725 -81.8511
0.961867 0.273519 0
526.412 612.161 -81.8511
-0.99835 0.0267137 0.0508267
276.956 992.403 -80.5642
-0.99835 0.0267137 -0.0508267
276.956 992.403 -83.1381
-0.297946 0.93579 0.188481
302.277 1017.72 -77.0786
-0.297946 0.93579 -0.188481
302.277 1017.72 -86.6237
-0.226483 0.900077 0.372245
314.937 1017.72 -72.4255
-0.226483 0.900077 -0.372245
314.937 1017.72 -91.2767
-0.142016 0.863556 0.483841
327.598 1017.72 -69.5998
-0.142016 0.863556 -0.483841
327.598 1017.72 -94.1025
-0.973105 -0.0414811 0.226595
340.258 587.268 -76.1135
-0.973105 -0.0414811 -0.226595
340.258 587.268 -87.5887
-0.97698 -0.0115842 0.213018
340.258 599.929 -76.4573
-0.97698 -0.0115842 -0.213018
340.258 599.929 -87.245
-0.708722 -0.559429 0.429829
352.919 574.608 -70.9675
-0.708722 -0.559429 -0.429829
352.919 574.608 -92.7348
-0.864066 -0.112206 0.490713
352.919 599.929 -69.4258
-0.864066 -0.112206 -0.490713
352.919 599.929 -94.2765
-0.882567 -0.0370113 0.468728
352.919 612.589 -69.9825
-0.882567 -0.0370113 -0.468728
352.919 612.589 -93.7198
-0.891759 0.022607 0.451945
352.919 625.25 -70.4075
-0.891759 0.022607 -0.451945
352.919 625.25 -93.2948
-0.898299 0.079467 0.432139
352.919 637.91 -70.909
-0.898299 0.079467 -0.432139
352.919 637.91 -92.7933
-0.907068 0.136844 0.398122
352.919 650.571 -71.7703
-0.907068 0.136844 -0.398122
352.919 650.571 -91.932
-0.921548 0.193342 0.336703
352.919 663.231 -73.3255
-0.921548 0.193342 -0.336703
352.919 663.231 -90.3768
-0.932126 0.241205 0.270113
352.919 675.892 -75.0116
-0.932126 0.241205 -0.270113
352.919 675.892 -88.6906
-0.849808 -0.417768 0.321397
352.919 941.761 -73.7131
-0.849808 -0.417768 -0.321397
352.919 941.761 -89.9892
0.0541965 0.879037 0.473664
352.919 1017.72 -69.8575
0.0541965 0.879037 -0.473664
352.919 1017.72 -93.8448
-0.491739 -0.809584 0.320573
365.579 561.948 -73.7339
-0.491739 -0.809584 -0.320573
365.579 561.948 -89.9683
-0.843334 0.28229 0.457274
365.579 701.213 -70.2725
-0.843334 0.28229 -0.457274
365.579 701.213 -93.4298
-0.862364 0.320006 0.392332
365.579 713.873 -71.9169
-0.862364 0.320006 -0.392332
365.579 713.873 -91.7854
-0.811963 -0.383133 0.440369
365.579 916.44 -70.7006
-0.811963 -0.383133 -0.440369
365.579 916.44 -93.0017
0.157011 0.90653 0.391857
365.579 1017.72 -71.9289
0.157011 0.90653 -0.391857
365.579 1017.72 -91.7733
-0.424283 -0.779181 0.461369
378.24 561.948 -70.1688
-0.424283 -0.779181 -0.461369
378.24 561.948 -93.5334
-0.815606 0.439179 0.376707
378.24 739.194 -72.3126
-0.815606 0.439179 -0.376707
378.24 739.194 -91.3897
-0.855391 -0.374711 0.357628
378.24 891.12 -72.7956
-0.855391 -0.374711 -0.357628
378.24 891.12 -90.9066
0.257634 0.908701 0.328462
378.24 1017.72 -73.5341
0.257634 0.908701 -0.328462
378.24 1017.72 -90.1681
-0.316359 -0.933028 0.171392
390.9 549.287 -77.5113
-0.316359 -0.933028 -0.171392
390.9 549.287 -86.1909
-0.787944 0.43115 0.439607
390.9 751.854 -70.7199
-0.787944 0.43115 -0.439607
390.9 751.854 -92.9824
-0.936097 -0.296643 0.189013
390.9 853.138 -77.0651
-0.936097 -0.296643 -0.189013
390.9 853.138 -86.6371
-0.82232 -0.283041 0.493638
390.9 865.799 -69.3518
-0.82232 -0.283041 -0.493638
390.9 865.799 -94.3505
-0.263176 -0.900977 0.344934
403.561 549.287 -73.1171
-0.263176 -0.900977 -0.344934
403.561 549.287 -90.5852
-0.872681 0.12164 0.472898
403.561 789.836 -69.8769
-0.872681 0.12164 -0.472898
403.561 789.836 -93.8254
-0.892765 0.0193023 0.45011
403.561 802.496 -70.4539
-0.892765 0.0193023 -0.45011
403.561 802.496 -93.2483
-0.881302 -0.0628916 0.468349
403.561 815.157 -69.9921
-0.881302 -0.0628916 -0.468349
403.561 815.157 -93.7102
0.503351 0.767939 0.396116
403.561 1005.06 -71.8211
0.503351 0.767939 -0.396116
403.561 1005.06 -91.8812
-0.203213 -0.880049 0.429206
416.221 549.287 -70.9832
-0.203213 -0.880049 -0.429206
416.221 549.287 -92.7191
0.85909 0.395137 0.325317
416.221 992.403 -73.6138
0.85909 0.395137 -0.325317
416.221 992.403 -90.0885
-0.137687 -0.866508 0.479797
428.882 549.287 -69.7022
-0.137687 -0.866508 -0.479797
428.882 549.287 -94.0001
0.820655 0.345496 0.455145
428.882 954.422 -70.3264
0.820655 0.345496 -0.455145
428.882 954.422 -93.3759
0.890088 0.362843 0.275843
428.882 967.082 -74.8665
0.890088 0.362843 -0.275843
428.882 967.082 -88.8358
0.870217 0.348649 0.348089
441.542 929.101 -73.0372
0.870217 0.348649 -0.348089
441.542 929.101 -90.6651
0.868545 0.341344 0.359323
466.863 865.799 -72.7527
0.868545 0.341344 -0.359323
466.863 865.799 -90.9495
0.207797 -0.842601 0.496834
479.524 549.287 -69.2708
0.207797 -0.842601 -0.496834
479.524 549.287 -94.4314
0.865526 0.334263 0.373006
479.524 827.817 -72.4063
0.865526 0.334263 -0.373006
479.524 827.817 -91.296
0.330022 -0.837824 0.434898
492.184 549.287 -70.8391
0.330022 -0.837824 -0.434898
492.184 549.287 -92.8632
0.871447 -0.0232907 0.489937
492.184 713.873 -69.4455
0.871447 -0.0232907 -0.489937
492.184 713.873 -94.2568
0.870508 -0.0774293 0.486025
492.184 726.534 -69.5445
0.870508 -0.0774293 -0.486025
492.184 726.534 -94.1577
0.85334 0.266729 0.447958
492.184 777.175 -70.5084
0.85334 0.266729 -0.447958
492.184 777.175 -93.1939
0.887033 0.316229 0.336409
492.184 789.836 -73.3329
0.887033 0.316229 -0.336409
492.184 789.836 -90.3693
0.915207 0.34323 0.211163
492.184 802.496 -76.5043
0.915207 0.34323 -0.211163
492.184 802.496 -87.198
0.490898 -0.82617 0.276519
504.845 549.287 -74.8494
0.490898 -0.82617 -0.276519
504.845 549.287 -88.8529
0.883836 0.198308 0.423684
504.845 663.231 -71.123
0.883836 0.198308 -0.423684
504.845 663.231 -92.5792
0.949012 0.19217 0.249892
504.845 675.892 -75.5236
0.949012 0.19217 -0.249892
504.845 675.892 -88.1786
0.953704 0.134448 0.269023
504.845 688.552 -75.0392
0.953704 0.134448 -0.269023
504.845 688.552 -88.663
0.959929 -0.223427 0.169164
504.845 739.194 -77.5677
0.959929 -0.223427 -0.169164
504.845 739.194 -86.1345
0.960521 -0.0117321 0.27796
504.845 751.854 -74.8129
0.960521 -0.0117321 -0.27796
504.845 751.854 -88.8893
0.942924 0.230095 0.240729
504.845 764.515 -75.7556
0.942924 0.230095 -0.240729
504.845 764.515 -87.9466
0.744844 -0.574491 0.339365
517.505 561.948 -73.2581
0.744844 -0.574491 -0.339365
517.505 561.948 -90.4442
0.858372 0.166299 0.485327
517.505 612.589 -69.5622
0.858372 0.166299 -0.485327
517.505 612.589 -94.1401
0.898026 0.247707 0.363581
517.505 637.91 -72.6449
0.898026 0.247707 -0.363581
517.505 637.91 -91.0574
0
