3
288
92.242 531.001 0
82.9005 527.395 0
73.8442 523.252 0
67.463 516.762 0
63.8296 509.193 0
60.9094 500.55 0
58.3972 490.968 0
55.9881 480.579 0
53.3772 469.519 0
51.8389 458.518 0
52.8734 448.756 0
53.4791 439.181 0
53.9051 429.686 0
54.4006 420.162 0
55.2148 410.501 0
56.5969 400.595 0
58.796 390.336 0
62.0613 379.616 0
66.6679 370.016 0
71.8688 361.171 0
77.5345 352.885 0
83.563 345.035 0
89.8523 337.498 0
96.3003 330.152 0
102.805 322.874 0
109.562 315.932 0
116.668 309.453 0
123.953 303.194 0
131.444 297.167 0
139.166 291.384 0
147.146 285.859 0
155.408 280.604 0
163.98 275.631 0
172.885 270.954 0
182.152 266.585 0
191.804 262.538 0
201.869 258.823 0
212.248 255.316 0
222.402 251.74 0
232.627 248.638 0
242.907 245.971 0
253.224 243.698 0
263.561 241.78 0
273.9 240.176 0
284.225 238.846 0
294.519 237.751 0
304.763 236.85 0
314.941 236.103 0
325.035 235.47 0
335.029 234.912 0
344.904 234.388 0
354.644 233.858 0
364.231 233.283 0
373.648 232.621 0
382.878 231.834 0
391.903 230.881 0
400.707 229.723 0
409.387 228.3 0
418.044 226.666 0
426.016 225.042 0
433.565 223.449 0
440.95 221.907 0
448.434 220.438 0
456.276 219.063 0
464.738 217.802 0
474.081 216.678 0
484.565 215.71 0
496.452 214.921 0
510.003 214.33 0
525.479 213.96 0
539.232 214.165 0
550.667 214.904 0
561.987 215.922 0
573.187 217.18 0
584.26 218.636 0
595.201 220.251 0
606.003 221.984 0
616.66 223.796 0
627.166 225.645 0
637.514 227.492 0
647.699 229.296 0
657.714 231.018 0
667.554 232.616 0
677.211 234.05 0
686.681 235.281 0
695.956 236.267 0
705.031 236.969 0
713.899 237.347 0
722.555 237.359 0
730.992 236.967 0
739.204 236.129 0
747.185 234.805 0
755.568 233.055 0
764.258 231.213 0
772.981 229.487 0
781.797 228.077 0
790.765 227.184 0
799.945 227.009 0
809.394 227.753 0
819.171 229.615 0
829.337 232.798 0
839.949 237.502 0
851.068 243.928 0
856.2 248.174 0
859.328 254.458 0
863.497 263.84 0
868.538 274.915 0
874.281 286.275 0
880.557 296.516 0
886.983 304.185 0
889.397 311.059 0
891.137 320.362 0
892.463 331.156 0
893.635 342.506 0
894.913 353.474 0
899.6 361.485 0
906.136 369.432 0
908.2 378.992 0
909.219 387.93 0
909.37 396.818 0
909.014 405.869 0
908.514 415.299 0
908.232 425.319 0
908.531 436.144 0
909.772 447.988 0
911.361 456.701 0
913.131 462.41 0
915.359 467.866 0
917.867 473.543 0
920.479 479.915 0
923.018 487.458 0
925.307 496.644 0
927.168 507.949 0
928.424 521.847 0
928.899 538.812 0
928.393 555.48 0
927.453 562.912 0
926.566 570.88 0
925.762 579.374 0
925.069 588.381 0
924.516 597.891 0
924.132 607.894 0
923.947 618.378 0
923.987 629.333 0
924.284 640.747 0
924.865 652.61 0
925.76 664.911 0
926.901 673.444 0
928.294 679.785 0
929.905 686.704 0
931.633 694.211 0
933.38 702.317 0
935.044 711.03 0
936.527 720.362 0
937.729 730.323 0
938.55 740.921 0
938.89 752.169 0
938.65 764.074 0
937.73 776.648 0
936.029 789.901 0
933.45 803.843 0
930.634 813.812 0
927.114 824.236 0
922.431 833.956 0
916.192 841.146 0
908.004 843.982 0
900.502 844.807 0
894.27 848.952 0
881.256 846.714 0
874.693 839.885 0
868.483 831.145 0
864.098 821.869 0
859.861 813.927 0
864.26 805.385 0
872.307 804.365 0
880.46 809.385 0
891.13 811.374 0
897.694 805.302 0
898.687 795.298 0
899.164 784.006 0
899.624 776.37 0
900.211 770.806 0
900.868 765.384 0
901.312 759.527 0
901.26 752.654 0
900.428 744.186 0
898.532 733.544 0
895.291 720.147 0
890.42 703.416 0
884.789 687.006 0
881.592 680.725 0
878.277 673.877 0
874.803 666.271 0
871.132 657.715 0
867.223 648.018 0
863.036 636.99 0
858.532 624.439 0
854.842 613.319 0
853.653 605.255 0
853.193 595.53 0
853.072 584.762 0
852.902 573.565 0
852.292 562.555 0
850.854 552.349 0
848.851 544.129 0
837.535 543.262 0
832.322 535.971 0
829.541 526.543 0
824.575 521.047 0
815.005 513.364 0
805.889 517.455 0
796.673 518.883 0
787.395 516.89 0
778.959 516.6 0
767.69 512.577 0
759.415 509.519 0
753.416 501.654 0
745.735 495.358 0
736.649 496.03 0
730.364 502.968 0
724.031 512.019 0
716.58 520.21 0
707.59 523.426 0
697.514 522.93 0
690.094 525.558 0
685.883 533.414 0
679.912 543.761 0
672.5 549.599 0
665.38 554.2 0
657.963 558.787 0
649.587 563.325 0
639.59 567.781 0
627.31 572.121 0
619.371 575.204 0
609.881 577.814 0
599.335 580.018 0
588.601 581.827 0
578.417 583.273 0
568.542 584.491 0
566.415 584.76 0
562.213 585.32 0
555.969 586.175 0
547.941 587.303 0
538.389 588.682 0
527.571 590.287 0
515.746 592.098 0
503.173 594.091 0
490.11 596.243 0
476.817 598.533 0
463.553 600.937 0
450.575 603.433 0
437.532 605.968 0
425.619 608.063 0
414.789 609.752 0
404.826 611.108 0
395.516 612.204 0
386.642 613.112 0
377.99 613.906 0
369.344 614.659 0
360.489 615.442 0
351.208 616.33 0
341.288 617.394 0
330.625 618.312 0
321.104 618.853 0
312.681 619.096 0
304.892 618.996 0
297.272 618.508 0
289.356 617.589 0
280.68 616.193 0
270.778 614.276 0
259.187 611.793 0
245.44 608.699 0
232.203 605.574 0
221.48 602.288 0
210.362 598.155 0
198.99 593.317 0
187.506 587.915 0
176.051 582.093 0
164.765 575.993 0
153.788 569.756 0
143.263 563.526 0
133.329 557.444 0
124.128 551.652 0
115.8 546.294 0
108.486 541.511 0
102.328 537.446 0
97.4649 534.24 0
94.0389 532.037 0
504
-0.416279 0.909237 0
92.242 531.001 0
-0.346454 0.938067 0
82.9005 527.395 0
-0.525763 0.850631 0
73.8442 523.252 0
-0.862933 0.505319 0
67.463 516.762 0
-0.929468 0.368904 0
63.8296 509.193 0
-0.95997 0.280103 0
60.9094 500.55 0
-0.972213 0.2341 0
58.3972 490.968 0
-0.974805 0.22306 0
55.9881 480.579 0
-0.970633 0.240565 0
53.3772 469.519 0
-0.991054 -0.133458 0
51.8389 458.518 0
-0.996761 -0.0804192 0
52.8734 448.756 0
-0.99876 -0.0497775 0
53.4791 439.181 0
-0.999026 -0.0441249 0
53.9051 429.686 0
-0.997955 -0.0639265 0
54.4006 420.162 0
-0.994198 -0.107569 0
55.2148 410.501 0
-0.985233 -0.17122 0
56.5969 400.595 0
-0.968537 -0.248869 0
58.796 390.336 0
-0.942887 -0.333113 0
62.0613 379.616 0
-0.880481 -0.474081 0
66.6679 370.016 0
-0.843093 -0.537768 0
71.8688 361.171 0
-0.808198 -0.588911 0
77.5345 352.885 0
-0.779015 -0.627005 0
83.563 345.035 0
-0.758015 -0.652238 0
89.8523 337.498 0
-0.746816 -0.665031 0
96.3003 330.152 0
-0.746221 -0.665698 0
102.805 322.874 0
-0.68386 -0.729613 0
109.562 315.932 0
-0.663132 -0.748503 0
116.668 309.453 0
-0.639705 -0.76862 0
123.953 303.194 0
-0.613565 -0.789644 0
131.444 297.167 0
-0.58475 -0.811214 0
139.166 291.384 0
-0.553366 -0.832938 0
147.146 285.859 0
-0.519593 -0.854414 0
155.408 280.604 0
-0.483682 -0.875244 0
163.98 275.631 0
-0.445956 -0.895055 0
172.885 270.954 0
-0.406797 -0.913519 0
182.152 266.585 0
-0.366626 -0.930368 0
191.804 262.538 0
-0.32589 -0.945408 0
201.869 258.823 0
-0.353921 -0.935275 0
212.248 255.316 0
-0.310736 -0.950496 0
222.402 251.74 0
-0.270165 -0.962814 0
232.627 248.638 0
-0.232567 -0.97258 0
242.907 245.971 0
-0.198208 -0.98016 0
253.224 243.698 0
-0.167277 -0.98591 0
263.561 241.78 0
-0.139896 -0.990166 0
273.9 240.176 0
-0.11615 -0.993232 0
284.225 238.846 0
-0.0960907 -0.995373 0
294.519 237.751 0
-0.079763 -0.996814 0
304.763 236.85 0
-0.0672129 -0.997739 0
314.941 236.103 0
-0.0584998 -0.998287 0
325.035 235.47 0
-0.0537078 -0.998557 0
335.029 234.912 0
-0.0529534 -0.998597 0
344.904 234.388 0
-0.0563932 -0.998409 0
354.644 233.858 0
-0.0642286 -0.997935 0
364.231 233.283 0
-0.07671 -0.997053 0
373.648 232.621 0
-0.0941353 -0.995559 0
382.878 231.834 0
-0.116846 -0.99315 0
391.903 230.881 0
-0.145212 -0.989401 0
400.707 229.723 0
-0.176701 -0.984265 0
409.387 228.3 0
-0.193607 -0.981079 0
418.044 226.666 0
-0.204501 -0.978866 0
426.016 225.042 0
-0.207048 -0.978331 0
433.565 223.449 0
-0.200026 -0.979791 0
440.95 221.907 0
-0.183915 -0.982942 0
448.434 220.438 0
-0.160831 -0.986982 0
456.276 219.063 0
-0.133788 -0.99101 0
464.738 217.802 0
-0.105741 -0.994394 0
474.081 216.678 0
-0.0789202 -0.996881 0
484.565 215.71 0
-0.0546381 -0.998506 0
496.452 214.921 0
-0.0334333 -0.999441 0
510.003 214.33 0
-0.0153345 -0.999882 0
525.479 213.96 0
0.0509002 -0.998704 0
539.232 214.165 0
0.0775616 -0.996988 0
550.667 214.904 0
0.101115 -0.994875 0
561.987 215.922 0
0.121525 -0.992588 0
573.187 217.18 0
0.13876 -0.990326 0
584.26 218.636 0
0.152791 -0.988259 0
595.201 220.251 0
0.163574 -0.986531 0
606.003 221.984 0
0.171047 -0.985263 0
616.66 223.796 0
0.175122 -0.984547 0
627.166 225.645 0
0.175675 -0.984448 0
637.514 227.492 0
0.172543 -0.985002 0
647.699 229.296 0
0.165515 -0.986207 0
657.714 231.018 0
0.15433 -0.988019 0
667.554 232.616 0
0.138666 -0.990339 0
677.211 234.05 0
0.118149 -0.992996 0
686.681 235.281 0
0.0923502 -0.995727 0
695.956 236.267 0
0.0608013 -0.99815 0
705.031 236.969 0
0.0230217 -0.999735 0
713.899 237.347 0
-0.0214342 -0.99977 0
722.555 237.359 0
-0.0729025 -0.997339 0
730.992 236.967 0
-0.131503 -0.991316 0
739.204 236.129 0
-0.197003 -0.980403 0
747.185 234.805 0
-0.206321 -0.978484 0
755.568 233.055 0
-0.204578 -0.97885 0
764.258 231.213 0
-0.179848 -0.983694 0
772.981 229.487 0
-0.132223 -0.99122 0
781.797 228.077 0
-0.0624787 -0.998046 0
790.765 227.184 0
0.0269462 -0.999637 0
799.945 227.009 0
0.131079 -0.991372 0
809.394 227.753 0
0.242444 -0.970165 0
819.171 229.615 0
0.352524 -0.935803 0
829.337 232.798 0
0.453989 -0.891007 0
839.949 237.502 0
0.542346 -0.840156 0
851.068 243.928 0
0.858227 -0.513271 0
856.2 248.174 0
0.909942 -0.414736 0
859.328 254.458 0
0.914356 -0.404912 0
863.497 263.84 0
0.903875 -0.427797 0
868.538 274.915 0
0.877282 -0.479976 0
874.281 286.275 0
0.817687 -0.575663 0
880.557 296.516 0
0.883343 -0.468727 0
886.983 304.185 0
0.970903 -0.239474 0
889.397 311.059 0
0.989514 -0.144437 0
891.137 320.362 0
0.994285 -0.106758 0
892.463 331.156 0
0.994592 -0.103861 0
893.635 342.506 0
0.99095 -0.13423 0
894.913 353.474 0
0.711933 -0.702247 0
899.6 361.485 0
0.885866 -0.463941 0
906.136 369.432 0
0.985157 -0.171655 0
908.2 378.992 0
0.99826 -0.0589581 0
909.219 387.93 0
0.999833 0.0182649 0
909.37 396.818 0
0.998595 0.0529864 0
909.014 405.869 0
0.998917 0.0465292 0
908.514 415.299 0
0.999987 0.00499796 0
908.232 425.319 0
0.998033 -0.0626955 0
908.531 436.144 0
0.989282 -0.146015 0
909.772 447.988 0
0.970782 -0.239963 0
911.361 456.701 0
0.938311 -0.345793 0
913.131 462.41 0
0.916348 -0.400383 0
915.359 467.866 0
0.916795 -0.399358 0
917.867 473.543 0
0.935171 -0.354197 0
920.479 479.915 0
0.959164 -0.28285 0
923.018 487.458 0
0.979245 -0.202681 0
925.307 496.644 0
0.992054 -0.125815 0
927.168 507.949 0
0.998306 -0.0581891 0
928.424 521.847 0
0.999999 -0.00131123 0
928.899 538.812 0
0.991187 0.132471 0
928.393 555.48 0
0.992971 0.118358 0
927.453 562.912 0
0.99471 0.102725 0
926.566 570.88 0
0.996315 0.085767 0
925.762 579.374 0
0.99771 0.06763 0
925.069 588.381 0
0.998827 0.0484307 0
924.516 597.891 0
0.9996 0.0282642 0
924.132 607.894 0
0.999974 0.00721184 0
923.947 618.378 0
0.999893 -0.0146542 0
923.987 629.333 0
0.999305 -0.037266 0
924.284 640.747 0
0.998165 -0.0605603 0
924.865 652.61 0
0.996426 -0.0844732 0
925.76 664.911 0
0.979313 -0.202352 0
926.901 673.444 0
0.974748 -0.223306 0
928.294 679.785 0
0.97374 -0.227664 0
929.905 686.704 0
0.975667 -0.219259 0
931.633 694.211 0
0.979664 -0.200646 0
933.38 702.317 0
0.984813 -0.173621 0
935.044 711.03 0
0.990217 -0.139538 0
936.527 720.362 0
0.995035 -0.0995234 0
937.729 730.323 0
0.998508 -0.0545993 0
938.55 740.921 0
0.999983 -0.00575746 0
938.89 752.169 0
0.998941 0.0460057 0
938.65 764.074 0
0.995019 0.0996903 0
937.73 776.648 0
0.988022 0.154311 0
936.029 789.901 0
0.97793 0.208933 0
933.45 803.843 0
0.957322 0.289023 0
930.634 813.812 0
0.931992 0.36248 0
927.114 824.236 0
0.851451 0.524434 0
922.431 833.956 0
0.596839 0.802361 0
916.192 841.146 0
0.00540987 0.999985 0
908.004 843.982 0
0.578822 0.815454 0
900.502 844.807 0
0.307433 0.95157 0
894.27 848.952 0
-0.423901 0.905709 0
881.256 846.714 0
-0.77526 0.631642 0
874.693 839.885 0
-0.859339 0.511407 0
868.483 831.145 0
-0.842106 0.539313 0
864.098 821.869 0
-0.980869 0.194671 0
859.861 813.927 0
-0.6134 -0.789772 0
864.26 805.385 0
0.460722 -0.887544 0
872.307 804.365 0
0.468078 -0.883687 0
880.46 809.385 0
-0.180638 -0.98355 0
891.13 811.374 0
-0.981551 -0.191202 0
897.694 805.302 0
-0.998816 -0.0486435 0
898.687 795.298 0
-0.998475 -0.0552118 0
899.164 784.006 0
-0.996934 -0.0782414 0
899.624 776.37 0
-0.992397 -0.12308 0
900.211 770.806 0
-0.994235 -0.107224 0
900.868 765.384 0
-0.99925 -0.0387306 0
901.312 759.527 0
-0.998642 0.0520952 0
901.26 752.654 0
-0.990453 0.137848 0
900.428 744.186 0
-0.978369 0.206868 0
898.532 733.544 0
-0.96595 0.25873 0
895.291 720.147 0
-0.95491 0.296897 0
890.42 703.416 0
-0.887245 0.461298 0
884.789 687.006 0
-0.895344 0.445374 0
881.592 680.725 0
-0.904739 0.425966 0
878.277 673.877 0
-0.914306 0.405024 0
874.803 666.271 0
-0.923283 0.384121 0
871.132 657.715 0
-0.931275 0.364317 0
867.223 648.018 0
-0.93816 0.346202 0
863.036 636.99 0
-0.943976 0.330013 0
858.532 624.439 0
-0.972519 0.232823 0
854.842 613.319 0
-0.996456 0.0841203 0
853.653 605.255 0
-0.999762 0.0217935 0
853.193 595.53 0
-0.999973 0.00729827 0
853.072 584.762 0
-0.999579 0.0290294 0
852.902 573.565 0
-0.996014 0.0892005 0
852.292 562.555 0
-0.979337 0.202237 0
850.854 552.349 0
-0.552217 0.8337 0
848.851 544.129 0
-0.241778 0.970332 0
837.535 543.262 0
-0.962335 0.271867 0
832.322 535.971 0
-0.876297 0.481771 0
829.541 526.543 0
-0.655531 0.755168 0
824.575 521.047 0
0.42356 0.905868 0
815.005 513.364 0
0.341874 0.939746 0
805.889 517.455 0
-0.0977016 0.995216 0
796.673 518.883 0
0.291752 0.956494 0
787.395 516.89 0
-0.278347 0.960481 0
778.959 516.6 0
0.135798 0.990736 0
767.69 512.577 0
-0.709627 0.704577 0
759.415 509.519 0
-0.796549 0.604574 0
753.416 501.654 0
-0.32542 0.945569 0
745.735 495.358 0
0.536713 0.843765 0
736.649 496.03 0
0.825338 0.564639 0
730.364 502.968 0
0.775601 0.631224 0
724.031 512.019 0
0.715198 0.698922 0
716.58 520.21 0
0.012362 0.999924 0
707.59 523.426 0
0.0125662 0.999921 0
697.514 522.93 0
0.67081 0.74163 0
690.094 525.558 0
0.900154 0.435572 0
685.883 533.414 0
0.807471 0.589907 0
679.912 543.761 0
0.538617 0.842551 0
672.5 549.599 0
0.540581 0.841292 0
665.38 554.2 0
0.506012 0.862526 0
657.963 558.787 0
0.444412 0.895822 0
649.587 563.325 0
0.370855 0.928691 0
639.59 567.781 0
0.298813 0.954312 0
627.31 572.121 0
0.309019 0.951056 0
619.371 575.204 0
0.230274 0.973126 0
609.881 577.814 0
0.182745 0.98316 0
599.335 580.018 0
0.151663 0.988432 0
588.601 581.827 0
0.130407 0.991461 0
578.417 583.273 0
0.11559 0.993297 0
568.542 584.491 0
0.129763 0.991545 0
566.415 584.76 0
0.133903 0.990994 0
562.213 585.32 0
0.137361 0.990521 0
555.969 586.175 0
0.140881 0.990027 0
547.941 587.303 0
0.144696 0.989476 0
538.389 588.682 0
0.148955 0.988844 0
527.571 590.287 0
0.153799 0.988102 0
515.746 592.098 0
0.159393 0.987215 0
503.173 594.091 0
0.165952 0.986134 0
490.11 596.243 0
0.173767 0.984787 0
476.817 598.533 0
0.183248 0.983067 0
463.553 600.937 0
0.195001 0.980803 0
450.575 603.433 0
0.182264 0.98325 0
437.532 605.968 0
0.163593 0.986528 0
425.619 608.063 0
0.144257 0.98954 0
414.789 609.752 0
0.12543 0.992102 0
404.826 611.108 0
0.108675 0.994077 0
395.516 612.204 0
0.0957107 0.995409 0
386.642 613.112 0
0.0880126 0.996119 0
377.99 613.906 0
0.0863972 0.996261 0
369.344 614.659 0
0.0907825 0.995871 0
360.489 615.442 0
0.100256 0.994962 0
351.208 616.33 0
0.113398 0.99355 0
341.288 617.394 0
0.0659004 0.997826 0
330.625 618.312 0
0.0448628 0.998993 0
321.104 618.853 0
0.00983083 0.999952 0
312.681 619.096 0
-0.0374973 0.999297 0
304.892 618.996 0
-0.090125 0.99593 0
297.272 618.508 0
-0.138609 0.990347 0
289.356 617.589 0
-0.176236 0.984348 0
280.68 616.193 0
-0.201313 0.979527 0
270.778 614.276 0
-0.215653 0.97647 0
259.187 611.793 0
-0.222195 0.975002 0
245.44 608.699 0
-0.259351 0.965783 0
232.203 605.574 0
-0.322823 0.946459 0
221.48 602.288 0
-0.371543 0.928416 0
210.362 598.155 0
-0.409741 0.912202 0
198.99 593.317 0
-0.440253 0.897874 0
187.506 587.915 0
-0.465013 0.885304 0
176.051 582.093 0
-0.485354 0.874318 0
164.765 575.993 0
-0.502207 0.864747 0
153.788 569.756 0
-0.516223 0.856454 0
143.263 563.526 0
-0.527835 0.849347 0
133.329 557.444 0
-0.537296 0.843394 0
124.128 551.652 0
-0.544659 0.838657 0
115.8 546.294 0
-0.549687 0.835371 0
108.486 541.511 0
-0.551541 0.834148 0
102.328 537.446 0
-0.547677 0.83669 0
97.4649 534.24 0
-0.528144 0.849155 0
94.0389 532.037 0
-0.864486 -0.424898 0.268562
71.3617 373.876 23.8358
-0.864486 -0.424898 -0.268562
71.3617 373.876 -23.8358
-0.889262 -0.24072 0.38893
71.3617 393.876 34.5188
-0.889262 -0.24072 -0.38893
71.3617 393.876 -34.5188
-0.89786 -0.117737 0.424248
71.3617 413.876 37.6534
-0.89786 -0.117737 -0.424248
71.3617 413.876 -37.6534
-0.894818 -0.0344499 0.4451
71.3617 433.876 39.504
-0.894818 -0.0344499 -0.4451
71.3617 433.876 -39.504
-0.876823 0.0542922 0.477739
71.3617 453.876 42.4008
-0.876823 0.0542922 -0.477739
71.3617 453.876 -42.4008
-0.857062 0.20951 0.470691
71.3617 473.876 41.7753
-0.857062 0.20951 -0.470691
71.3617 473.876 -41.7753
-0.842182 0.337965 0.42013
71.3617 493.876 37.2879
-0.842182 0.337965 -0.42013
71.3617 493.876 -37.2879
-0.784458 0.532938 0.317179
71.3617 513.876 28.1506
-0.784458 0.532938 -0.317179
71.3617 513.876 -28.1506
-0.759778 -0.54686 0.351683
91.3617 353.876 31.213
-0.759778 -0.54686 -0.351683
91.3617 353.876 -31.213
-0.772238 -0.400304 0.49336
91.3617 373.876 43.7873
-0.772238 -0.400304 -0.49336
91.3617 373.876 -43.7873
-0.567118 0.688539 0.451985
91.3617 513.876 40.1152
-0.567118 0.688539 -0.451985
91.3617 513.876 -40.1152
-0.678841 -0.721791 0.134879
111.362 313.876 11.9709
-0.678841 -0.721791 -0.134879
111.362 313.876 -11.9709
-0.69235 -0.620929 0.367557
111.362 333.876 32.6219
-0.69235 -0.620929 -0.367557
111.362 333.876 -32.6219
-0.539154 0.796332 0.274168
111.362 533.876 24.3333
-0.539154 0.796332 -0.274168
111.362 533.876 -24.3333
-0.615504 -0.706374 0.349556
131.362 313.876 31.0242
-0.615504 -0.706374 -0.349556
131.362 313.876 -31.0242
-0.522557 0.732884 0.435678
131.362 533.876 38.6679
-0.522557 0.732884 -0.435678
131.362 533.876 -38.6679
-0.525992 0.829987 0.185616
131.362 553.876 16.474
-0.525992 0.829987 -0.185616
131.362 553.876 -16.474
-0.541235 -0.78935 0.289813
151.362 293.876 25.7218
-0.541235 -0.78935 -0.289813
151.362 293.876 -25.7218
-0.547739 -0.685242 0.480026
151.362 313.876 42.6039
-0.547739 -0.685242 -0.480026
151.362 313.876 -42.6039
-0.494916 0.786193 0.37008
151.362 553.876 32.8458
-0.494916 0.786193 -0.37008
151.362 553.876 -32.8458
-0.449738 -0.879879 0.153453
171.362 273.876 13.6194
-0.449738 -0.879879 -0.153453
171.362 273.876 -13.6194
-0.472307 -0.773313 0.42298
171.362 293.876 37.5409
-0.472307 -0.773313 -0.42298
171.362 293.876 -37.5409
-0.452281 0.746861 0.487483
171.362 553.876 43.2657
-0.452281 0.746861 -0.487483
171.362 553.876 -43.2657
-0.466192 0.846105 0.258401
171.362 573.876 22.9339
-0.466192 0.846105 -0.258401
171.362 573.876 -22.9339
-0.388585 -0.865864 0.315089
191.362 273.876 27.9652
-0.388585 -0.865864 -0.315089
191.362 273.876 -27.9652
-0.412458 0.820118 0.396592
191.362 573.876 35.1988
-0.412458 0.820118 -0.396592
191.362 573.876 -35.1988
-0.34071 -0.848944 0.403993
211.362 273.876 35.8557
-0.34071 -0.848944 -0.403993
211.362 273.876 -35.8557
-0.351528 0.801195 0.484268
211.362 573.876 42.9803
-0.351528 0.801195 -0.484268
211.362 573.876 -42.9803
-0.363737 0.909616 0.200732
211.362 593.876 17.8156
-0.363737 0.909616 -0.200732
211.362 593.876 -17.8156
-0.277214 -0.936812 0.213391
231.362 253.876 18.9391
-0.277214 -0.936812 -0.213391
231.362 253.876 -18.9391
-0.292712 -0.835495 0.465047
231.362 273.876 41.2744
-0.292712 -0.835495 -0.465047
231.362 273.876 -41.2744
-0.282597 0.895795 0.34306
231.362 593.876 30.4477
-0.282597 0.895795 -0.34306
231.362 593.876 -30.4477
-0.218846 -0.928587 0.299721
251.362 253.876 26.6012
-0.218846 -0.928587 -0.299721
251.362 253.876 -26.6012
-0.223672 0.884007 0.410491
251.362 593.876 36.4324
-0.223672 0.884007 -0.410491
251.362 593.876 -36.4324
-0.170372 -0.922383 0.346675
271.362 253.876 30.7685
-0.170372 -0.922383 -0.346675
271.362 253.876 -30.7685
-0.173497 0.882553 0.437034
271.362 593.876 38.7882
-0.173497 0.882553 -0.437034
271.362 593.876 -38.7882
-0.200849 0.97888 0.0381282
271.362 613.876 3.384
-0.200849 0.97888 -0.0381282
271.362 613.876 -3.384
-0.132892 -0.917563 0.374725
291.362 253.876 33.258
-0.132892 -0.917563 -0.374725
291.362 253.876 -33.258
-0.113813 0.88671 0.448097
291.362 593.876 39.7701
-0.113813 0.88671 -0.448097
291.362 593.876 -39.7701
-0.123255 0.976662 0.175896
291.362 613.876 15.6114
-0.123255 0.976662 -0.175896
291.362 613.876 -15.6114
-0.106511 -0.913985 0.391518
311.362 253.876 34.7485
-0.106511 -0.913985 -0.391518
311.362 253.876 -34.7485
-0.0494587 0.888977 0.455273
311.362 593.876 40.407
-0.0494587 0.888977 -0.455273
311.362 593.876 -40.407
-0.0121825 0.979012 0.20344
311.362 613.876 18.0559
-0.0121825 0.979012 -0.20344
311.362 613.876 -18.0559
-0.0916057 -0.911093 0.401893
331.362 253.876 35.6693
-0.0916057 -0.911093 -0.401893
331.362 253.876 -35.6693
0.00505681 0.889794 0.456334
331.362 593.876 40.5011
0.00505681 0.889794 -0.456334
331.362 593.876 -40.5011
0.0558644 0.979431 0.193892
331.362 613.876 17.2086
0.0558644 0.979431 -0.193892
331.362 613.876 -17.2086
-0.0604115 -0.988104 0.141425
351.362 233.876 12.552
-0.0604115 -0.988104 -0.141425
351.362 233.876 -12.552
-0.0886541 -0.907897 0.409712
351.362 253.876 36.3633
-0.0886541 -0.907897 -0.409712
351.362 253.876 -36.3633
0.0421737 0.896254 0.441532
351.362 593.876 39.1874
0.0421737 0.896254 -0.441532
351.362 593.876 -39.1874
0.0951971 0.987929 0.122203
351.362 613.876 10.8459
0.0951971 0.987929 -0.122203
351.362 613.876 -10.8459
-0.0782108 -0.989571 0.120966
371.362 233.876 10.7361
-0.0782108 -0.989571 -0.120966
371.362 233.876 -10.7361
-0.0974945 -0.902916 0.418614
371.362 253.876 37.1533
-0.0974945 -0.902916 -0.418614
371.362 253.876 -37.1533
0.0635492 0.904888 0.42088
371.362 593.876 37.3544
0.0635492 0.904888 -0.42088
371.362 593.876 -37.3544
-0.117057 -0.983475 0.138113
391.362 233.876 12.258
-0.117057 -0.983475 -0.138113
391.362 233.876 -12.258
-0.11513 -0.894367 0.432264
391.362 253.876 38.3648
-0.11513 -0.894367 -0.432264
391.362 253.876 -38.3648
0.0845832 0.909855 0.406214
391.362 593.876 36.0528
0.0845832 0.909855 -0.406214
391.362 593.876 -36.0528
-0.165098 -0.963389 0.211246
411.362 233.876 18.7488
-0.165098 -0.963389 -0.211246
411.362 233.876 -18.7488
-0.131741 -0.881705 0.453034
411.362 253.876 40.2083
-0.131741 -0.881705 -0.453034
411.362 253.876 -40.2083
0.111236 0.912025 0.394763
411.362 593.876 35.0365
0.111236 0.912025 -0.394763
411.362 593.876 -35.0365
-0.176399 -0.947282 0.267469
431.362 233.876 23.7387
-0.176399 -0.947282 -0.267469
431.362 233.876 -23.7387
-0.134018 -0.86702 0.479912
431.362 253.876 42.5937
-0.134018 -0.86702 -0.479912
431.362 253.876 -42.5937
0.139938 0.915745 0.376602
431.362 593.876 33.4246
0.139938 0.915745 -0.376602
431.362 593.876 -33.4246
-0.150875 -0.934711 0.321796
451.362 233.876 28.5604
-0.150875 -0.934711 -0.321796
451.362 233.876 -28.5604
0.162874 0.92826 0.334373
451.362 593.876 29.6767
0.162874 0.92826 -0.334373
451.362 593.876 -29.6767
-0.108179 -0.920513 0.375437
471.362 233.876 33.3212
-0.108179 -0.920513 -0.375437
471.362 233.876 -33.3212
0.163854 0.945814 0.280334
471.362 593.876 24.8806
0.163854 0.945814 -0.280334
471.362 593.876 -24.8806
-0.0656809 -0.904542 0.421295
491.362 233.876 37.3913
-0.0656809 -0.904542 -0.421295
491.362 233.876 -37.3913
0.163537 0.976072 0.143317
491.362 593.876 12.7199
0.163537 0.976072 -0.143317
491.362 593.876 -12.7199
-0.0254392 -0.891296 0.452708
511.362 233.876 40.1793
-0.0254392 -0.891296 -0.452708
511.362 233.876 -40.1793
0.139644 0.876162 0.461346
511.362 573.876 40.9459
0.139644 0.876162 -0.461346
511.362 573.876 -40.9459
0.0112122 -0.97428 0.225062
531.362 213.876 19.975
0.0112122 -0.97428 -0.225062
531.362 213.876 -19.975
0.0187165 -0.889023 0.457481
531.362 233.876 40.6029
0.0187165 -0.889023 -0.457481
531.362 233.876 -40.6029
0.140772 0.901091 0.410145
531.362 573.876 36.4017
0.140772 0.901091 -0.410145
531.362 573.876 -36.4017
0.0627422 -0.896182 0.439228
551.362 233.876 38.9829
0.0627422 -0.896182 -0.439228
551.362 233.876 -38.9829
0.139535 0.929183 0.34227
551.362 573.876 30.3776
0.139535 0.929183 -0.34227
551.362 573.876 -30.3776
0.0985285 -0.904734 0.414425
571.362 233.876 36.7815
0.0985285 -0.904734 -0.414425
571.362 233.876 -36.7815
0.139824 0.941454 0.306781
571.362 573.876 27.2278
0.139824 0.941454 -0.306781
571.362 573.876 -27.2278
0.127471 -0.915648 0.381235
591.362 233.876 33.8358
0.127471 -0.915648 -0.381235
591.362 233.876 -33.8358
0.17243 0.934053 0.312752
591.362 573.876 27.7577
0.17243 0.934053 -0.312752
591.362 573.876 -27.7577
0.148915 -0.929417 0.337652
611.362 233.876 29.9677
0.148915 -0.929417 -0.337652
611.362 233.876 -29.9677
0.241655 0.944126 0.224116
611.362 573.876 19.891
0.241655 0.944126 -0.224116
611.362 573.876 -19.891
0.161021 -0.945321 0.283619
631.362 233.876 25.1721
0.161021 -0.945321 -0.283619
631.362 233.876 -25.1721
0.324542 0.814318 0.481206
631.362 553.876 42.7086
0.324542 0.814318 -0.481206
631.362 553.876 -42.7086
0.160999 -0.961524 0.222601
651.362 233.876 19.7565
0.160999 -0.961524 -0.222601
651.362 233.876 -19.7565
0.132965 -0.856866 0.498097
651.362 253.876 44.2077
0.132965 -0.856866 -0.498097
651.362 253.876 -44.2077
0.443315 0.823035 0.355085
651.362 553.876 31.5149
0.443315 0.823035 -0.355085
651.362 553.876 -31.5149
0.144404 -0.973536 0.17713
671.362 233.876 15.7208
0.144404 -0.973536 -0.17713
671.362 233.876 -15.7208
0.11992 -0.874807 0.469396
671.362 253.876 41.6604
0.11992 -0.874807 -0.469396
671.362 253.876 -41.6604
0.0912516 -0.890428 0.445882
691.362 253.876 39.5735
0.0912516 -0.890428 -0.445882
691.362 253.876 -39.5735
0.0456904 -0.898924 0.435716
711.362 253.876 38.6712
0.0456904 -0.898924 -0.435716
711.362 253.876 -38.6712
-0.00789064 -0.892973 0.450041
731.362 253.876 39.9426
-0.00789064 -0.892973 -0.450041
731.362 253.876 -39.9426
-0.174048 -0.966237 0.18998
751.362 233.876 16.8614
-0.174048 -0.966237 -0.18998
751.362 233.876 -16.8614
-0.0315188 -0.868264 0.495099
751.362 253.876 43.9417
-0.0315188 -0.868264 -0.495099
751.362 253.876 -43.9417
-0.143566 -0.959047 0.244167
771.362 233.876 21.6706
-0.143566 -0.959047 -0.244167
771.362 233.876 -21.6706
-0.0102019 -0.947897 0.318414
791.362 233.876 28.2603
-0.0102019 -0.947897 -0.318414
791.362 233.876 -28.2603
0.108889 0.894261 0.434098
791.362 513.876 38.5276
0.108889 0.894261 -0.434098
791.362 513.876 -38.5276
0.173935 -0.932068 0.3178
811.362 233.876 28.2057
0.173935 -0.932068 -0.3178
811.362 233.876 -28.2057
0.279809 0.856683 0.433361
811.362 513.876 38.4622
0.279809 0.856683 -0.433361
811.362 513.876 -38.4622
0.356623 -0.91929 0.166511
831.362 233.876 14.7783
0.356623 -0.91929 -0.166511
831.362 233.876 -14.7783
0.743277 -0.558432 0.368365
851.362 253.876 32.6936
0.743277 -0.558432 -0.368365
851.362 253.876 -32.6936
-0.939419 0.219606 0.263182
851.362 553.876 23.3583
-0.939419 0.219606 -0.263182
851.362 553.876 -23.3583
0.815216 -0.464501 0.345922
871.362 293.876 30.7017
0.815216 -0.464501 -0.345922
871.362 293.876 -30.7017
0.804299 -0.333546 0.491783
871.362 313.876 43.6474
0.804299 -0.333546 -0.491783
871.362 313.876 -43.6474
-0.82528 0.355189 0.439036
871.362 653.876 38.9659
-0.82528 0.355189 -0.439036
871.362 653.876 -38.9659
0.972681 -0.125201 0.195493
891.362 333.876 17.3506
0.972681 -0.125201 -0.195493
891.362 333.876 -17.3506
0.944494 -0.183307 0.272635
891.362 353.876 24.1972
0.944494 -0.183307 -0.272635
891.362 353.876 -24.1972
0.824236 -0.270345 0.497543
891.362 373.876 44.1585
0.824236 -0.270345 -0.497543
891.362 373.876 -44.1585
0.882338 -0.318485 0.346478
911.362 473.876 30.751
0.882338 -0.318485 -0.346478
911.362 473.876 -30.751
0
