3
57
788.96 264.981 116.386
779.339 261.098 116.386
769.61 258.222 116.386
759.799 256.274 116.386
749.934 255.174 116.386
740.039 254.841 116.386
730.14 255.196 116.386
720.263 256.159 116.386
710.435 257.649 116.386
700.68 259.587 116.386
691.026 261.893 116.386
679.845 265.533 116.386
670.628 269.887 116.386
664.019 274.73 116.386
659.393 280.337 116.386
656.124 286.981 116.386
653.586 294.936 116.386
651.152 304.477 116.386
648.197 315.877 116.386
644.094 329.41 116.386
641.402 339.308 116.386
640.539 349.199 116.386
641.557 359.71 116.386
647.894 367.017 116.386
656.022 372.834 116.386
664.482 378.496 116.386
671.816 385.338 116.386
677.396 393.061 116.386
684.223 401.201 116.386
691.569 409.129 116.386
698.289 415.883 116.386
704.736 427.184 116.386
709.389 438.262 116.386
713.585 445.711 116.386
719.296 448.093 116.386
728.814 443.976 116.386
738.006 436.838 116.386
744.012 429.07 116.386
747.961 420.834 116.386
750.98 412.29 116.386
754.201 403.599 116.386
757.042 393.513 116.386
760.616 385.115 116.386
765.207 378.043 116.386
770.722 371.276 116.386
777.066 363.792 116.386
784.146 354.572 116.386
787.716 349.326 93.9296
792.752 341.005 93.9296
797.553 331.734 93.9296
801.76 321.845 93.9296
805.018 311.67 93.9296
806.966 301.542 93.9296
807.248 291.793 93.9296
805.505 282.754 93.9296
801.38 274.759 93.9296
794.514 268.14 93.9296
123
0.419185 -0.907901 0
788.96 264.981 116.386
0.328458 -0.944518 0
779.339 261.098 116.386
0.238328 -0.971185 0
769.61 258.222 116.386
0.151731 -0.988422 0
759.799 256.274 116.386
0.0709613 -0.997479 0
749.934 255.174 116.386
-0.00247168 -0.999997 0
740.039 254.841 116.386
-0.0677945 -0.997699 0
730.14 255.196 116.386
-0.124806 -0.992181 0
720.263 256.159 116.386
-0.173683 -0.984802 0
710.435 257.649 116.386
-0.214806 -0.976657 0
700.68 259.587 116.386
-0.248622 -0.968601 0
691.026 261.893 116.386
-0.364472 -0.931214 0
679.845 265.533 116.386
-0.503663 -0.8639 0
670.628 269.887 116.386
-0.684705 -0.728821 0
664.019 274.73 116.386
-0.845285 -0.534315 0
659.393 280.337 116.386
-0.932947 -0.360014 0
656.124 286.981 116.386
-0.964532 -0.263965 0
653.586 294.936 116.386
-0.970495 -0.241122 0
651.152 304.477 116.386
-0.96403 -0.265794 0
648.197 315.877 116.386
-0.948911 -0.315543 0
644.094 329.41 116.386
-0.986035 -0.166536 0
641.402 339.308 116.386
-0.999858 -0.0168803 0
640.539 349.199 116.386
-0.863878 0.503702 0
641.557 359.71 116.386
-0.646783 0.762674 0
647.894 367.017 116.386
-0.542739 0.839901 0
656.022 372.834 116.386
-0.595202 0.803576 0
664.482 378.496 116.386
-0.781718 0.623632 0
671.816 385.338 116.386
-0.788353 0.615223 0
677.396 393.061 116.386
-0.747708 0.664027 0
684.223 401.201 116.386
-0.720285 0.693678 0
691.569 409.129 116.386
-0.69632 0.717731 0
698.289 415.883 116.386
-0.913239 0.407424 0
704.736 427.184 116.386
-0.918327 0.395823 0
709.389 438.262 116.386
-0.744332 0.66781 0
713.585 445.711 116.386
0.0880236 0.996118 0
719.296 448.093 116.386
0.518553 0.855046 0
728.814 443.976 116.386
0.710358 0.703841 0
738.006 436.838 116.386
0.858832 0.512258 0
744.012 429.07 116.386
0.931158 0.364616 0
747.961 420.834 116.386
0.947004 0.321222 0
750.98 412.29 116.386
0.920497 0.390748 0
754.201 403.599 116.386
0.951648 0.30719 0
757.042 393.513 116.386
0.87924 0.476379 0
760.616 385.115 116.386
0.799622 0.600504 0
765.207 378.043 116.386
0.760146 0.649753 0
770.722 371.276 116.386
0.772403 0.635132 0
777.066 363.792 116.386
0.814949 0.579533 0
784.146 354.572 116.386
0.838115 0.545494 0
787.716 349.326 93.9296
0.871607 0.490205 0
792.752 341.005 93.9296
0.903742 0.428078 0
797.553 331.734 93.9296
0.936042 0.351887 0
801.76 321.845 93.9296
0.967625 0.252394 0
805.018 311.67 93.9296
0.993163 0.116734 0
806.966 301.542 93.9296
0.997489 -0.070817 0
807.248 291.793 93.9296
0.948118 -0.317918 0
805.505 282.754 93.9296
0.804493 -0.593962 0
801.38 274.759 93.9296
0.571613 -0.820523 0
794.514 268.14 93.9296
-0.544818 -0.598541 0.5873
676.327 283.005 120.877
-0.544818 -0.598541 -0.5873
676.327 283.005 111.895
-0.579449 -0.343286 0.739184
676.327 303.005 120.877
-0.579449 -0.343286 -0.739184
676.327 303.005 111.895
-0.548005 -0.130996 0.826154
676.327 323.005 120.877
-0.548005 -0.130996 -0.826154
676.327 323.005 111.895
-0.515036 0.125174 0.84798
676.327 343.005 120.877
-0.515036 0.125174 -0.84798
676.327 343.005 111.895
-0.524965 0.423503 0.73828
676.327 363.005 120.877
-0.524965 0.423503 -0.73828
676.327 363.005 111.895
-0.302554 -0.63103 0.714326
696.327 283.005 120.877
-0.302554 -0.63103 -0.714326
696.327 283.005 111.895
-0.321957 -0.362461 0.874623
696.327 303.005 120.877
-0.321957 -0.362461 -0.874623
696.327 303.005 111.895
-0.303698 -0.119245 0.945277
696.327 323.005 120.877
-0.303698 -0.119245 -0.945277
696.327 323.005 111.895
-0.286296 0.1133 0.951419
696.327 343.005 120.877
-0.286296 0.1133 -0.951419
696.327 343.005 111.895
-0.312574 0.323534 0.893098
696.327 363.005 120.877
-0.312574 0.323534 -0.893098
696.327 363.005 111.895
-0.412291 0.479383 0.774731
696.327 383.005 120.877
-0.412291 0.479383 -0.774731
696.327 383.005 111.895
-0.124459 -0.629019 0.767362
716.327 283.005 120.877
-0.124459 -0.629019 -0.767362
716.327 283.005 111.895
-0.104117 -0.352896 0.929852
716.327 303.005 120.877
-0.104117 -0.352896 -0.929852
716.327 303.005 111.895
-0.0669613 -0.100894 0.992641
716.327 323.005 120.877
-0.0669613 -0.100894 -0.992641
716.327 323.005 111.895
-0.0268999 0.115522 0.992941
716.327 343.005 120.877
-0.0268999 0.115522 -0.992941
716.327 343.005 111.895
-0.00539223 0.284115 0.958775
716.327 363.005 120.877
-0.00539223 0.284115 -0.958775
716.327 363.005 111.895
-0.0253005 0.401178 0.915651
716.327 383.005 120.877
-0.0253005 0.401178 -0.915651
716.327 383.005 111.895
-0.110383 0.483899 0.868134
716.327 403.005 120.877
-0.110383 0.483899 -0.868134
716.327 403.005 111.895
-0.27307 0.522035 0.80803
716.327 423.005 120.877
-0.27307 0.522035 -0.80803
716.327 423.005 111.895
-0.00544024 -0.88138 0.472377
736.327 263.005 120.877
-0.00544024 -0.88138 -0.472377
736.327 263.005 111.895
0.0400053 -0.608077 0.792869
736.327 283.005 120.877
0.0400053 -0.608077 -0.792869
736.327 283.005 111.895
0.0945437 -0.318447 0.943214
736.327 303.005 120.877
0.0945437 -0.318447 -0.943214
736.327 303.005 111.895
0.161284 -0.0543047 0.985413
736.327 323.005 120.877
0.161284 -0.0543047 -0.985413
736.327 323.005 111.895
0.240764 0.163197 0.956765
736.327 343.005 120.877
0.240764 0.163197 -0.956765
736.327 343.005 111.895
0.332521 0.315829 0.88864
736.327 363.005 120.877
0.332521 0.315829 -0.88864
736.327 363.005 111.895
0.425247 0.387306 0.818021
736.327 383.005 120.877
0.425247 0.387306 -0.818021
736.327 383.005 111.895
0.491797 0.41542 0.76522
736.327 403.005 120.877
0.491797 0.41542 -0.76522
736.327 403.005 111.895
0.206701 -0.577914 0.789487
756.327 283.005 120.877
0.206701 -0.577914 -0.789487
756.327 283.005 111.895
0.284022 -0.261933 0.922346
756.327 303.005 120.877
0.284022 -0.261933 -0.922346
756.327 303.005 111.895
0.370415 0.021234 0.928624
756.327 323.005 120.877
0.370415 0.021234 -0.928624
756.327 323.005 111.895
0.475207 0.258183 0.841142
756.327 343.005 120.877
0.475207 0.258183 -0.841142
756.327 343.005 111.895
0.371731 -0.537391 0.756986
776.327 283.005 120.877
0.371731 -0.537391 -0.756986
776.327 283.005 111.895
0.462872 -0.187635 0.866339
776.327 303.005 120.877
0.462872 -0.187635 -0.866339
776.327 303.005 111.895
0
