3
96
387.902 594.042 75.5474
380.363 599.54 75.5474
372.541 603.876 75.5474
365.067 608.189 75.5474
358.572 613.618 75.5474
353.686 621.302 75.5474
351.041 632.38 75.5474
350.987 645.541 75.5474
350.619 653.225 75.5474
349.426 663.027 75.5474
347.55 674.654 75.5474
345.617 685.332 75.5474
343.962 694.402 75.5474
342.251 703.885 75.5474
340.509 713.71 75.5474
338.76 723.804 75.5474
337.029 734.095 75.5474
335.34 744.511 75.5474
333.719 754.979 75.5474
332.188 765.428 75.5474
330.774 775.785 75.5474
329.5 785.978 75.5474
328.391 795.934 75.5474
327.471 805.581 75.5474
326.766 814.848 75.5474
325.672 826.162 75.5474
324.733 837.941 75.5474
324.127 848.799 75.5474
323.609 858.828 75.5474
322.929 868.123 75.5474
321.84 876.776 75.5474
320.094 884.883 75.5474
318.46 891.65 75.5474
317.647 899.661 75.5474
315.905 909.137 75.5474
311.758 918.775 75.5474
303.732 927.273 75.5474
294.48 932.144 75.5474
284.907 933.717 75.5474
274.071 932.913 75.5474
267.388 928.25 75.5474
270.272 918.246 75.5474
282.502 907.724 75.5474
290.249 900.092 75.5474
293.872 893.804 75.5474
294.724 887.973 75.5474
294.153 881.714 75.5474
293.511 874.138 75.5474
294.149 864.361 75.5474
297.417 851.496 75.5474
301.638 838.293 75.5474
302.57 829.219 75.5474
303.474 819.92 75.5474
304.346 810.416 75.5474
305.182 800.729 75.5474
305.978 790.878 75.5474
306.731 780.883 75.5474
307.436 770.766 75.5474
308.089 760.546 75.5474
308.687 750.244 75.5474
309.225 739.88 75.5474
309.699 729.474 75.5474
310.106 719.048 75.5474
310.441 708.621 75.5474
310.7 698.213 75.5474
310.88 687.846 75.5474
310.977 677.539 75.5474
310.986 667.312 75.5474
310.903 657.187 75.5474
310.725 647.184 75.5474
310.448 637.322 75.5474
310.067 627.623 75.5474
309.579 618.106 75.5474
308.965 600.068 75.5474
306.231 585.624 75.5474
301.68 577.01 75.5474
295.96 572.405 75.5474
289.717 569.991 75.5474
283.6 567.948 75.5474
278.254 564.456 75.5474
274.327 557.696 75.5474
272.466 545.848 75.5474
273.713 537.779 75.5474
278.118 533.145 75.5474
285.157 531.226 75.5474
294.316 531.676 75.5474
305.079 534.15 75.5474
316.933 538.302 75.5474
329.362 543.786 75.5474
341.852 550.257 75.5474
353.889 557.369 75.5474
364.958 564.777 75.5474
374.544 572.135 75.5474
382.133 579.097 75.5474
387.21 585.319 75.5474
389.26 590.454 75.5474
164
0.66842 0.743784 0
387.902 594.042 75.5474
0.518994 0.854778 0
380.363 599.54 75.5474
0.47055 0.882373 0
372.541 603.876 75.5474
0.550992 0.834511 0
365.067 608.189 75.5474
0.739491 0.673166 0
358.572 613.618 75.5474
0.921611 0.388115 0
353.686 621.302 75.5474
0.995041 0.0994621 0
351.041 632.38 75.5474
0.999897 -0.0143559 0
350.987 645.541 75.5474
0.995843 0.0910846 0
350.619 653.225 75.5474
0.989678 0.143312 0
349.426 663.027 75.5474
0.985129 0.171814 0
347.55 674.654 75.5474
0.983629 0.180206 0
345.617 685.332 75.5474
0.9839 0.178722 0
343.962 694.402 75.5474
0.984347 0.176241 0
342.251 703.885 75.5474
0.984954 0.172817 0
340.509 713.71 75.5474
0.985709 0.168457 0
338.76 723.804 75.5474
0.986605 0.163127 0
337.029 734.095 75.5474
0.987638 0.156752 0
335.34 744.511 75.5474
0.988804 0.149218 0
333.719 754.979 75.5474
0.990101 0.14036 0
332.188 765.428 75.5474
0.99152 0.129957 0
330.774 775.785 75.5474
0.993048 0.117709 0
329.5 785.978 75.5474
0.994659 0.103215 0
328.391 795.934 75.5474
0.996302 0.0859256 0
327.471 805.581 75.5474
0.99788 0.0650867 0
326.766 814.848 75.5474
0.995337 0.0964623 0
325.672 826.162 75.5474
0.997915 0.0645484 0
324.733 837.941 75.5474
0.998756 0.0498704 0
324.127 848.799 75.5474
0.998331 0.057752 0
323.609 858.828 75.5474
0.995601 0.0936998 0
322.929 868.123 75.5474
0.986738 0.162322 0
321.84 876.776 75.5474
0.964393 0.264474 0
320.094 884.883 75.5474
0.992558 0.121769 0
318.46 891.65 75.5474
0.993434 0.114406 0
317.647 899.661 75.5474
0.963923 0.26618 0
315.905 909.137 75.5474
0.846452 0.532465 0
311.758 918.775 75.5474
0.582506 0.812826 0
303.732 927.273 75.5474
0.302739 0.953074 0
294.48 932.144 75.5474
0.0567592 0.998388 0
284.907 933.717 75.5474
-0.249204 0.968451 0
274.071 932.913 75.5474
-0.929939 0.367713 0
267.388 928.25 75.5474
-0.811782 -0.58396 0
270.272 918.246 75.5474
-0.642368 -0.766397 0
282.502 907.724 75.5474
-0.780271 -0.625441 0
290.249 900.092 75.5474
-0.946653 -0.322254 0
293.872 893.804 75.5474
-0.999897 0.0143772 0
294.724 887.973 75.5474
-0.992545 0.121882 0
294.153 881.714 75.5474
-0.999645 0.0266266 0
293.511 874.138 75.5474
-0.988256 -0.15281 0
294.149 864.361 75.5474
-0.94611 -0.323846 0
297.417 851.496 75.5474
-0.994487 -0.104856 0
301.638 838.293 75.5474
-0.995044 -0.0994346 0
302.57 829.219 75.5474
-0.995566 -0.0940603 0
303.474 819.92 75.5474
-0.996059 -0.0886958 0
304.346 810.416 75.5474
-0.996524 -0.0833068 0
305.182 800.729 75.5474
-0.996964 -0.0778614 0
305.978 790.878 75.5474
-0.997381 -0.072329 0
306.731 780.883 75.5474
-0.997774 -0.0666796 0
307.436 770.766 75.5474
-0.998145 -0.0608833 0
308.089 760.546 75.5474
-0.998491 -0.0549096 0
308.687 750.244 75.5474
-0.998812 -0.0487271 0
309.225 739.88 75.5474
-0.999105 -0.0423025 0
309.699 729.474 75.5474
-0.999366 -0.0356004 0
310.106 719.048 75.5474
-0.999591 -0.0285827 0
310.441 708.621 75.5474
-0.999775 -0.0212075 0
310.7 698.213 75.5474
-0.99991 -0.0134288 0
310.88 687.846 75.5474
-0.999987 -0.0051954 0
310.977 677.539 75.5474
-0.999994 0.00355029 0
310.986 667.312 75.5474
-0.999917 0.0128732 0
310.903 657.187 75.5474
-0.999739 0.0228471 0
310.725 647.184 75.5474
-0.999437 0.0335568 0
310.448 637.322 75.5474
-0.998982 0.0450995 0
310.067 627.623 75.5474
-0.99834 0.0575883 0
309.579 618.106 75.5474
-0.996004 0.0893033 0
308.965 600.068 75.5474
-0.948464 0.316886 0
306.231 585.624 75.5474
-0.76893 0.639333 0
301.68 577.01 75.5474
-0.465904 0.884835 0
295.96 572.405 75.5474
-0.292818 0.956168 0
289.717 569.991 75.5474
-0.388824 0.921312 0
283.6 567.948 75.5474
-0.712896 0.701269 0
278.254 564.456 75.5474
-0.948635 0.316372 0
274.327 557.696 75.5474
-0.999168 0.0407896 0
272.466 545.848 75.5474
-0.902358 -0.430987 0
273.713 537.779 75.5474
-0.484739 -0.874659 0
278.118 533.145 75.5474
-0.0824121 -0.996598 0
285.157 531.226 75.5474
0.149545 -0.988755 0
294.316 531.676 75.5474
0.283639 -0.958931 0
305.079 534.15 75.5474
0.37038 -0.92888 0
316.933 538.302 75.5474
0.433501 -0.901153 0
329.362 543.786 75.5474
0.485012 -0.874507 0
341.852 550.257 75.5474
0.532271 -0.846574 0
353.889 557.369 75.5474
0.581368 -0.813641 0
364.958 564.777 75.5474
0.63967 -0.76865 0
374.544 572.135 75.5474
0.719492 -0.694501 0
382.133 579.097 75.5474
0.843699 -0.536816 0
387.21 585.319 75.5474
0.996678 -0.0814426 0
389.26 590.454 75.5474
-0.888598 -0.431809 0.15471
273.112 537.242 77.4392
-0.888598 -0.431809 -0.15471
273.112 537.242 73.6556
-0.900608 -0.069938 0.428968
273.112 543.356 80.7929
-0.900608 -0.069938 -0.428968
273.112 543.356 70.3019
-0.671989 0.596054 0.439488
279.226 561.699 80.9215
-0.671989 0.596054 -0.439488
279.226 561.699 70.1733
-0.0829137 -0.995778 0.0393945
285.34 531.128 76.0291
-0.0829137 -0.995778 -0.0393945
285.34 531.128 75.0657
-0.398791 0.869624 0.291069
285.34 567.813 79.1066
-0.398791 0.869624 -0.291069
285.34 567.813 71.9882
0.0505961 -0.901856 0.429064
291.454 531.128 80.794
0.0505961 -0.901856 -0.429064
291.454 531.128 70.3007
-0.352602 0.834838 0.42275
291.454 567.813 80.7168
-0.352602 0.834838 -0.42275
291.454 567.813 70.3779
-0.495948 0.79289 0.354063
297.568 573.927 79.8769
-0.495948 0.79289 -0.354063
297.568 573.927 71.2179
0.199743 -0.846992 0.492654
303.682 537.242 81.5716
0.199743 -0.846992 -0.492654
303.682 537.242 69.5232
-0.710897 0.518662 0.474989
303.682 580.041 81.3556
-0.710897 0.518662 -0.474989
303.682 580.041 69.7392
-0.917498 -0.0921884 0.38691
303.682 830.718 80.2786
-0.917498 -0.0921884 -0.38691
303.682 830.718 70.8162
-0.862892 -0.0930927 0.49674
303.682 836.832 81.6216
-0.862892 -0.0930927 -0.49674
303.682 836.832 69.4732
-0.81142 0.304801 0.498693
309.796 586.155 81.6455
-0.81142 0.304801 -0.498693
309.796 586.155 69.4493
-0.952285 0.0984858 0.288885
309.796 598.383 79.0799
-0.952285 0.0984858 -0.288885
309.796 598.383 72.0149
-0.97468 0.0596733 0.215496
309.796 616.725 78.1825
-0.97468 0.0596733 -0.215496
309.796 616.725 72.9123
-0.976265 -0.0463853 0.211556
309.796 739.007 78.1343
-0.976265 -0.0463853 -0.211556
309.796 739.007 72.9604
-0.951242 -0.0501339 0.304345
309.796 751.235 79.269
-0.951242 -0.0501339 -0.304345
309.796 751.235 71.8258
0.864039 0.124594 0.487764
315.91 891.859 81.5118
0.864039 0.124594 -0.487764
315.91 891.859 69.5829
0.883501 0.119609 0.452902
315.91 897.973 81.0855
0.883501 0.119609 -0.452902
315.91 897.973 70.0092
0.908068 0.0473281 0.41614
322.024 849.06 80.636
0.908068 0.0473281 -0.41614
322.024 849.06 70.4588
0.867616 0.0602685 0.493569
322.024 861.288 81.5828
0.867616 0.0602685 -0.493569
322.024 861.288 69.512
0.968495 0.0927288 0.231123
322.024 867.402 78.3736
0.968495 0.0927288 -0.231123
322.024 867.402 72.7212
0.423384 -0.886064 0.188778
328.138 543.356 77.8558
0.423384 -0.886064 -0.188778
328.138 543.356 73.239
0.875115 0.105914 0.472181
328.138 787.919 81.3213
0.875115 0.105914 -0.472181
328.138 787.919 69.7735
0.913062 0.0969364 0.396133
328.138 794.033 80.3913
0.913062 0.0969364 -0.396133
328.138 794.033 70.7034
0.954907 0.153187 0.254337
334.253 745.121 78.6574
0.954907 0.153187 -0.254337
334.253 745.121 72.4373
0.894923 0.166452 0.414012
340.367 702.322 80.61
0.894923 0.166452 -0.414012
340.367 702.322 70.4848
0.87513 0.157771 0.457444
346.481 671.752 81.1411
0.87513 0.157771 -0.457444
346.481 671.752 69.9537
0.86484 0.159799 0.475937
346.481 677.866 81.3672
0.86484 0.159799 -0.475937
346.481 677.866 69.7276
0.878515 0.374404 0.296705
352.595 622.839 79.1755
0.878515 0.374404 -0.296705
352.595 622.839 71.9192
0.669946 0.62141 0.40623
358.709 610.611 80.5148
0.669946 0.62141 -0.40623
358.709 610.611 70.5799
0.558794 -0.726751 0.399477
364.823 567.813 80.4322
0.558794 -0.726751 -0.399477
364.823 567.813 70.6625
0.533297 0.700571 0.474124
364.823 604.497 81.345
0.533297 0.700571 -0.474124
364.823 604.497 69.7497
0.47919 0.833109 0.276234
370.937 604.497 78.9252
0.47919 0.833109 -0.276234
370.937 604.497 72.1696
0
