0
0
0
0
0
0
0
0
0
0
0
0
0
0
0
0
0
0
0
0
0
0
0
0
0
0
0
0
0
0
0
0
0
0
0
0
0
0
0
0
0
0
0
0
0
0
0
0
0
0
0
0
0
0
0
0
0
0
0
0
0
0
0
0
0
0
0
0
0
0
0
0
0
0
0
0
0
0
0
0
0
0
0
0
0
0
0
0
0
0
0
0
0
0
0
0
0
0
0
0
0
0
0
0
0
0
0
0
0
0
0
0
0
0
0
0
0
0
0
0
0
0
0
0
0
0
0
0
0
0
0
0
0
0
0
0
0
0
0
0
0
0
0
0
0
0
0
0
0
0
0
0
0
0
0
0
0
0
0
0
0
0
0
0
0
0
0
0
0
0
0
0
0
0
0
0
0
0
0
0
0
0
0
0
0
0
0
0
0
0
0
0
0
0
0
0
0
0
0
0
0
0
0
0
0
0
0
0
0
0
0
0
0
0
0
0
0
0
0
0
0
0
0
0
0
0
0
0
0
0
0
0
0
0
0
0
0
0
0
0
0
0
0
0
0
0
0
0
0
0
0
0
0
0
0
0
0
0
0
0
0
0
0
0
0
0
0
0
0
0
0
0
0
0
0
0
0
0
0
0
0
0
0
0
0
0
0
0
0
0
0
0
-0.626184
-0.779675
0
0.689791
-0.724009
0
0.953078
-0.302726
0
0.938637
-0.344906
0
0.912869
-0.408252
0
0.869031
-0.494757
0
0.790159
-0.612902
0
0.641155
-0.767411
0
0.377137
-0.926157
0
0.322307
-0.946635
0
0.298164
-0.954515
0
0.286882
-0.957966
0
0.28518
-0.958474
0
0.290077
-0.957003
0
0.297078
-0.954853
0
0.30626
-0.951948
0
0.317736
-0.948179
0
0.331647
-0.943404
0
0.348174
-0.93743
0
-0.779873
-0.625938
0
-0.769138
-0.639083
0
-0.756034
-0.654533
0
-0.739844
-0.672778
0
-0.719493
-0.6945
0
-0.693334
-0.720616
0
-0.658784
-0.752332
0
-0.611627
-0.791146
0
-0.544751
-0.838598
0
-0.445876
-0.895095
0
-0.294398
-0.955683
0
-0.062383
-0.998052
0
0.817576
-0.575821
0
0.988251
-0.152841
0
0.983614
0.180288
0
0.950839
0.309684
0
0.938478
0.34534
0
0.937725
0.347378
0
0.944522
0.328448
0
0.99983
0.0184273
0
0.973267
-0.229678
0
0.950048
-0.312104
0
0.266686
-0.963784
0
0.276259
-0.961083
0
0.285214
-0.958464
0
0.293567
-0.955939
0
0.301327
-0.953521
0
0.308502
-0.951224
0
0.315096
-0.94906
0
0.32111
-0.947042
0
0.326537
-0.945184
0
0.33137
-0.943501
0
0.335592
-0.942007
0
0.33918
-0.940722
0
0.342104
-0.939662
0
0.344323
-0.938851
0
0.345785
-0.938314
0
0.34788
-0.937539
0
0.343554
-0.939133
0
0.334457
-0.942411
0
0.318594
-0.947891
0
0.292153
-0.956372
0
0.247153
-0.968976
0
0.164402
-0.986393
0
-0.0236146
-0.999721
0
-0.413954
-0.910298
0
-0.611502
-0.791243
0
-0.710759
-0.703435
0
-0.764884
-0.644168
0
-0.796281
-0.604927
0
-0.814721
-0.579853
0
-0.824698
-0.565573
0
-0.825563
-0.56431
0
-0.823056
-0.56796
0
-0.815528
-0.578717
0
-0.802261
-0.596973
0
-0.781883
-0.623425
0
-0.752117
-0.65903
0
-0.709376
-0.704831
0
-0.648201
-0.761469
0
-0.560744
-0.827989
0
-0.43716
-0.899384
0
-0.269128
-0.963104
0
-0.0589677
-0.99826
0
0.806697
-0.590966
0
0.966583
0.256354
0
0.892109
0.451821
0
0.896036
0.443982
0
0.899644
0.436623
0
0.903192
0.429236
0
0.906842
0.42147
0
0.910719
0.413027
0
0.914936
0.4036
0
0.91961
0.392832
0
0.924876
0.380269
0
0.930892
0.365295
0
0.937853
0.347034
0
0.945995
0.324182
0
0.955589
0.294701
0
0.96688
0.255231
0
0.979821
0.199875
0
0.993069
0.117533
0
0.999909
-0.0134643
0
0.99097
-0.134085
0
0.977587
-0.210534
0
0.964928
-0.262513
0
0.953968
-0.299908
0
0.944664
-0.328039
0
0.93676
-0.349973
0
0.929989
-0.367586
0
0.924124
-0.382093
0
0.918976
-0.394314
0
0.914391
-0.404831
0
0.910241
-0.414078
0
0.906409
-0.422401
0
0.90278
-0.430102
0
0.899226
-0.437485
0
0.89557
-0.44492
0
0.891529
-0.452964
0
0.994669
-0.103124
0
0.61101
0.791623
0
-0.106297
0.994334
0
-0.308654
0.951174
0
-0.466905
0.884308
0
-0.58198
0.813203
0
-0.66308
0.748549
0
-0.719772
0.694211
0
-0.759375
0.650653
0
-0.786901
0.617079
0
-0.805616
0.592439
0
-0.817575
0.575822
0
-0.823997
0.566595
0
-0.82795
0.560802
0
-0.823162
0.567806
0
-0.811618
0.584189
0
-0.790922
0.611916
0
-0.755786
0.654819
0
-0.694622
0.719375
0
-0.580499
0.814261
0
-0.35041
0.936596
0
0.0390632
0.999237
0
0.186914
0.982376
0
0.25893
0.965896
0
0.29895
0.954269
0
0.322678
0.946509
0
0.336869
0.941552
0
0.344826
0.938667
0
0.348302
0.937382
0
0.346214
0.938155
0
0.344405
0.938821
0
0.341807
0.93977
0
0.338468
0.940978
0
0.334428
0.942421
0
0.329715
0.94408
0
0.32435
0.945937
0
0.318346
0.947975
0
0.31171
0.950177
0
0.304445
0.95253
0
0.296547
0.955018
0
0.949447
-0.313929
0
0.939442
-0.342708
0
0.932407
-0.361409
0
0.927984
-0.372619
0
0.926152
-0.37715
0
0.924888
-0.38024
0
0.935786
-0.35257
0
0.963364
-0.268196
0
0.997812
-0.066115
0
0.964198
0.265183
0
0.490331
0.871536
0
-0.0576272
0.998338
0
-0.263679
0.96461
0
-0.44
0.897998
0
-0.552983
0.833193
0
-0.623149
0.782103
0
-0.668504
0.743709
0
-0.699371
0.714759
0
-0.721391
0.692528
0
-0.737734
0.675092
0
-0.750268
0.661133
0
-0.760146
0.649752
0
0.227334
0.973817
0
0.215231
0.976563
0
0.202531
0.979276
0
0.189213
0.981936
0
0.175254
0.984523
0
0.160634
0.987014
0
0.14533
0.989383
0
0.129317
0.991603
0
0.112574
0.993643
0
0.0950779
0.99547
0
0.0768067
0.997046
0
0.0577397
0.998332
0
0.0378577
0.999283
0
0.0171439
0.999853
0
-0.000145693
1
0
-0.00527363
0.999986
0
-0.0179934
0.999838
0
-0.0385481
0.999257
0
0.795291
-0.606228
0
0.883854
-0.467762
0
0.958029
-0.28667
0
0.994654
-0.103264
0
0.999519
0.0309979
0
0.992107
0.125397
0
0.974212
0.225635
0
0.939567
0.342365
0
0.874161
0.485636
0
0.733921
0.679235
0
0.420049
0.907501
0
-0.0474153
0.998875
0
-0.449599
0.893231
0
-0.698284
0.71582
0
-0.784229
0.620471
0
-0.832414
0.554154
0
-0.862228
0.506521
0
-0.882125
0.471015
0
-0.896195
0.44366
0
-0.906602
0.421987
0
-0.91458
0.404405
0
-0.920879
0.389849
0
-0.925977
0.37758
0
-0.930196
0.367064
0
-0.149549
0.988754
0
-0.177038
0.984204
0
-0.204728
0.978819
0
-0.232554
0.972583
0
-0.260447
0.965488
0
-0.288335
0.95753
0
-0.316146
0.948711
0
-0.343806
0.939041
0
-0.371242
0.928536
0
-0.398381
0.91722
0
-0.425154
0.905121
0
-0.451493
0.892275
0
-0.477337
0.87872
0
-0.502625
0.864505
0
-0.527306
0.849676
0
-0.551331
0.834286
0
-0.574661
0.818392
0
-0.597261
0.802047
0
-0.619102
0.785311
0
-0.640165
0.768238
0
-0.660434
0.750884
0
-0.679904
0.733301
0
-0.698573
0.715539
0
-0.716451
0.697637
0
-0.733557
0.679628
0
-0.749925
0.661523
0
-0.765624
0.643289
0
-0.780811
0.624767
0
-0.796033
0.605254
0
-0.932877
0.360195
0
-0.889455
-0.457022
0
-0.778341
-0.627842
0
-0.759493
-0.650515
0
-0.74373
-0.66848
0
-0.728535
-0.685008
0
-0.713188
-0.700973
0
-0.697386
-0.716696
0
-0.680974
-0.732308
0
-0.663854
-0.747863
0
-0.645958
-0.763373
0
-0.627237
-0.778828
0
-0.607652
-0.794203
0
-0.587172
-0.809462
0
-0.565773
-0.824561
0
-0.543441
-0.839447
0
-0.520167
-0.854064
0
-0.495951
-0.868351
0
-0.470799
-0.882241
0
-0.444728
-0.895666
0
-0.417763
-0.908556
0
-0.389939
-0.920841
0
-0.361301
-0.932449
0
-0.331902
-0.943314
0
-0.301806
-0.953369
0
-0.271085
-0.962555
0
-0.239821
-0.970817
0
-0.208101
-0.978107
0
-0.17602
-0.984387
0
-0.143677
-0.989625
0
-0.970414
-0.241448
0
-0.956978
-0.290161
0
-0.942813
-0.333323
0
-0.927509
-0.3738
0
-0.910428
-0.413668
0
-0.890678
-0.454634
0
-0.867019
-0.498275
0
-0.837663
-0.546188
0
-0.799956
-0.600059
0
-0.749861
-0.661596
0
-0.681187
-0.73211
0
-0.68101
-0.667379
0.30138
-0.68101
-0.667379
-0.30138
-0.695245
0.595301
0.402805
-0.695245
0.595301
-0.402805
-0.607312
-0.784844
0.123256
-0.607312
-0.784844
-0.123256
-0.606102
0.736155
0.301191
-0.606102
0.736155
-0.301191
-0.500356
-0.78475
0.365802
-0.500356
-0.78475
-0.365802
-0.494585
0.754258
0.431834
-0.494585
0.754258
-0.431834
-0.403936
-0.828086
0.388728
-0.403936
-0.828086
-0.388728
-0.3965
0.816858
0.418964
-0.3965
0.816858
-0.418964
-0.308026
-0.913905
0.264382
-0.308026
-0.913905
-0.264382
-0.31308
0.887122
0.339111
-0.31308
0.887122
-0.339111
-0.282559
-0.866827
0.410817
-0.282559
-0.866827
-0.410817
-0.282232
0.82803
0.48447
-0.282232
0.82803
-0.48447
-0.193468
-0.92508
0.326798
-0.193468
-0.92508
-0.326798
-0.212135
0.904665
0.369566
-0.212135
0.904665
-0.369566
-0.808704
-0.337308
0.481893
-0.808704
-0.337308
-0.481893
-0.850557
-0.497393
0.170742
-0.850557
-0.497393
-0.170742
-0.827007
0.411084
0.383495
-0.827007
0.411084
-0.383495
-0.74846
0.515018
0.417809
-0.74846
0.515018
-0.417809
0.551123
0.67643
0.488575
0.551123
0.67643
-0.488575
0.361283
-0.901911
0.236708
0.361283
-0.901911
-0.236708
0.238842
-0.854835
0.460664
0.238842
-0.854835
-0.460664
0.265426
-0.904327
0.334277
0.265426
-0.904327
-0.334277
0.121582
0.87711
0.464646
0.121582
0.87711
-0.464646
0.145874
0.904387
0.401006
0.145874
0.904387
-0.401006
0.172806
0.929704
0.325251
0.172806
0.929704
-0.325251
0.92539
0.29333
0.240023
0.92539
0.29333
-0.240023
0.845257
-0.263318
0.464977
0.845257
-0.263318
-0.464977
0.280583
-0.944657
0.169988
0.280583
-0.944657
-0.169988
0.84928
-0.266556
0.455709
0.84928
-0.266556
-0.455709
0.296303
-0.82044
0.488961
0.296303
-0.82044
-0.488961
0.317335
-0.923246
0.216599
0.317335
-0.923246
-0.216599
0.316818
0.827281
0.463932
0.316818
0.827281
-0.463932
0.311566
-0.822126
0.476483
0.311566
-0.822126
-0.476483
0.337568
-0.911813
0.233764
0.337568
-0.911813
-0.233764
0.329174
0.876115
0.352232
0.329174
0.876115
-0.352232
0.259084
-0.92182
0.28831
0.259084
-0.92182
-0.28831
0.215938
0.878943
0.425241
0.215938
0.878943
-0.425241
0.952105
0.244949
0.183022
0.952105
0.244949
-0.183022
0.832506
-0.321982
0.450845
0.832506
-0.321982
-0.450845
0
0
0
0
