0
0
0
0
0
0
0
0
0
0
0
0
0
0
0
0
0
0
0
0
0
0
0
0
0
0
0
0
0
0
0
0
0
0
0
0
0
0
0
0
0
0
0
0
0
0
0
0
0
0
0
0
0
0
0
0
0
0
0
0
0
0
0
0
0
0
0
0
0
0
0
0
0
0
0
0
0
0
0
0
0
0
0
0
0
0
0
0
0
0
0
0
0
0
0
0
0
-0.80818
-0.588936
0
-0.765982
-0.642862
0
-0.713442
-0.700714
0
-0.64811
-0.761546
0
-0.567385
-0.823453
0
-0.468979
-0.883209
0
-0.351753
-0.936093
0
-0.216825
-0.97621
0
-0.0684867
-0.997652
0
0.0858699
-0.996306
0
0.237293
-0.971438
0
0.377693
-0.925931
0
0.501758
-0.865008
0
0.60744
-0.794366
0
0.695238
-0.718779
0
0.767082
-0.64155
0
0.825385
-0.56457
0
0.872479
-0.488651
0
0.910336
-0.41387
0
0.940484
-0.339837
0
0.964003
-0.265892
0
0.981548
-0.191215
0
0.993375
-0.114915
0
0.999349
-0.0360865
0
0.998936
0.0461197
0
0.991196
0.132402
0
0.97478
0.223167
0
0.947978
0.318335
0
0.908864
0.417093
0
0.855596
0.517644
0
0.786904
0.617076
0
0.702687
0.711499
0
0.604531
0.796582
0
0.495826
0.868422
0
0.381303
0.92445
0
0.357594
0.933877
0
0.4141
0.910231
0
0.473625
0.880727
0
0.533565
0.845759
0
0.591003
0.806669
0
0.643273
0.765637
0
0.688468
0.725267
0
0.725673
0.68804
0
0.754878
0.655866
0
0.776694
0.629878
0
0.792045
0.610463
0
0.801927
0.597422
0
0.807273
0.590178
0
0.808898
0.58795
0
-0.807922
0.589289
0
-0.803458
0.595362
0
-0.794647
0.607072
0
-0.780581
0.625055
0
-0.760268
0.64961
0
-0.732752
0.680495
0
-0.697329
0.716751
0
-0.653843
0.75663
0
-0.602996
0.797744
0
-0.546484
0.83747
0
-0.486842
0.87349
0
-0.426984
0.904259
0
-0.369625
0.929181
0
-0.355895
0.934526
0
-0.47082
0.882229
0
-0.58089
0.813982
0
-0.681289
0.732015
0
-0.76838
0.639994
0
-0.840268
0.542171
0
-0.896767
0.442503
0
-0.93895
0.344053
0
-0.968557
0.248791
0
-0.987489
0.157686
0
-0.997481
0.0709391
0
-0.999931
-0.0117764
0
-0.995841
-0.0911087
0
-0.985807
-0.167883
0
-0.970026
-0.243002
0
-0.948301
-0.317373
0
-0.92003
-0.391847
0
-0.884183
-0.46714
0
-0.839267
-0.54372
0
-0.783316
-0.621624
0
-0.71396
-0.700186
0
-0.628661
-0.777679
0
-0.525252
-0.850947
0
-0.402875
-0.915255
0
-0.26317
-0.964749
0
-0.111157
-0.993803
0
0.0450728
-0.998984
0
0.196218
-0.98056
0
0.334351
-0.942449
0
0.454691
-0.890649
0
0.555824
-0.8313
0
0.638784
-0.769386
0
0.705877
-0.708334
0
0.75978
-0.650181
0
0.803025
-0.595945
0
-0.97039
0.0229654
0.240451
-0.97039
0.0229654
-0.240451
-0.812449
-0.482134
0.327831
-0.812449
-0.482134
-0.327831
-0.796076
0.427471
0.428405
-0.796076
0.427471
-0.428405
-0.565726
-0.718389
0.404811
-0.565726
-0.718389
-0.404811
-0.577781
0.661297
0.478389
-0.577781
0.661297
-0.478389
-0.390611
0.875322
0.285015
-0.390611
0.875322
-0.285015
-0.444169
0.770184
0.457744
-0.444169
0.770184
-0.457744
-0.576755
0.755187
0.311524
-0.576755
0.755187
-0.311524
-0.668324
0.659648
0.343814
-0.668324
0.659648
-0.343814
0.718288
-0.646776
0.256405
0.718288
-0.646776
-0.256405
0.701385
0.588805
0.401706
0.701385
0.588805
-0.401706
-0.39315
-0.774552
0.495482
-0.39315
-0.774552
-0.495482
0.555009
0.698536
0.451677
0.555009
0.698536
-0.451677
0.085939
-0.996059
0.0219306
0.085939
-0.996059
-0.0219306
0.417294
0.8363
0.355624
0.417294
0.8363
-0.355624
0.463996
-0.737055
0.491383
0.463996
-0.737055
-0.491383
0.725806
-0.505069
0.467023
0.725806
-0.505069
-0.467023
0.682513
0.671682
0.288129
0.682513
0.671682
-0.288129
0.918042
-0.314288
0.241705
0.918042
-0.314288
-0.241705
0.922947
-0.148877
0.354971
0.922947
-0.148877
-0.354971
0.922834
0.0212978
0.384608
0.922834
0.0212978
-0.384608
0.923786
0.207627
0.321731
0.923786
0.207627
-0.321731
0
0
0
0
