0
0
0
0
0
0
0
0
0
0
0
0
0
0
0
0
0
0
0
0
0
0
0
0
0
0
0
0
0
0
0
0
0
0
0
0
0
0
0
0
0
0
0
0
0
0
0
0
0
0
0
0
0
0
0
0
0
0
0
0
0
0
0
0
0
0
0
0
0
0
0
0
0
0
0
0
0
0
0
0
0
0
0
0
0
0
0
0
0
0
0
0
0
0
0
0
0
0
0
0
0
0
0
-0.155916
-0.98777
0
-0.172028
-0.985092
0
-0.277632
-0.960688
0
-0.310853
-0.950458
0
0.0237578
-0.999718
0
0.0919651
-0.995762
0
0.137192
-0.990544
0
0.174041
-0.984738
0
0.26375
-0.964591
0
0.356018
-0.934479
0
0.3797
-0.92511
0
0.382249
-0.924059
0
0.39108
-0.920357
0
0.439592
-0.898197
0
0.476132
-0.879374
0
0.567546
-0.823342
0
0.605166
-0.7961
0
0.651345
-0.758781
0
0.672188
-0.74038
0
0.723655
-0.690162
0
0.776443
-0.630188
0
0.801917
-0.597436
0
0.837933
-0.545774
0
0.849671
-0.527313
0
0.890561
-0.454863
0
0.916039
-0.401089
0
0.950309
-0.311307
0
0.961133
-0.276087
0
0.983127
-0.182923
0
0.992126
-0.125244
0
0.999358
-0.0358276
0
0.999953
0.00967406
0
0.999219
0.0395201
0
0.987567
0.157197
0
0.972006
0.234956
0
0.937292
0.348544
0
0.927073
0.374882
0
0.894967
0.446133
0
0.858886
0.512167
0
0.747894
0.663818
0
0.615852
0.787862
0
0.548438
0.836191
0
0.432788
0.901496
0
0.391789
0.920055
0
0.320646
0.947199
0
0.2899
0.957057
0
0.262425
0.964952
0
0.265795
0.96403
0
0.275162
0.961398
0
0.274507
0.961585
0
0.253062
0.96745
0
0.166195
0.986093
0
0.108733
0.994071
0
0.0269166
0.999638
0
0.00888054
0.999961
0
-0.0105591
0.999944
0
-0.029617
0.999561
0
-0.12059
0.992702
0
-0.182464
0.983213
0
-0.117053
0.993126
0
0.0375518
0.999295
0
-0.0648499
0.997895
0
-0.257407
0.966303
0
-0.282795
0.95918
0
-0.344429
0.938812
0
-0.416082
0.909327
0
-0.519131
0.854695
0
-0.569804
0.821781
0
-0.679944
0.733264
0
-0.715449
0.698665
0
-0.746295
0.665615
0
-0.760355
0.649507
0
-0.762482
0.64701
0
-0.779769
0.626067
0
-0.795993
0.605306
0
-0.862149
0.506655
0
-0.893712
0.448641
0
-0.923497
0.383605
0
-0.952463
0.304655
0
-0.997559
0.0698243
0
-0.999835
0.018158
0
-0.999798
-0.0200807
0
-0.995142
-0.0984499
0
-0.995853
-0.0909726
0
-0.978483
-0.206329
0
-0.952814
-0.303556
0
-0.907561
-0.419921
0
-0.874588
-0.484867
0
-0.757728
-0.65257
0
-0.663709
-0.747991
0
-0.472989
-0.881068
0
-0.829485
-0.558529
0
-0.837771
-0.546022
0
-0.789578
-0.613651
0
-0.73292
-0.680315
0
-0.558441
-0.829544
0
-0.462849
-0.886437
0
-0.315145
-0.949044
0
-0.279749
-0.960073
0
-0.284307
-0.958733
0
-0.272331
-0.962204
0
-0.243469
-0.969909
0
-0.189057
-0.981966
0
-0.898795
-0.406088
0.165106
-0.898795
-0.406088
-0.165106
-0.915762
-0.287477
0.2806
-0.915762
-0.287477
-0.2806
-0.923525
-0.191567
0.33227
-0.923525
-0.191567
-0.33227
-0.929008
-0.115838
0.351463
-0.929008
-0.115838
-0.351463
-0.928815
-0.0607793
0.365525
-0.928815
-0.0607793
-0.365525
-0.927579
0.00464999
0.373597
-0.927579
0.00464999
-0.373597
-0.923369
0.0764141
0.376233
-0.923369
0.0764141
-0.376233
-0.912399
0.182807
0.36621
-0.912399
0.182807
-0.36621
-0.898275
0.310121
0.311332
-0.898275
0.310121
-0.311332
-0.885318
0.402905
0.23212
-0.885318
0.402905
-0.23212
-0.755869
-0.6487
0.0885997
-0.755869
-0.6487
-0.0885997
-0.804483
-0.501949
0.317575
-0.804483
-0.501949
-0.317575
-0.824252
-0.399086
0.40167
-0.824252
-0.399086
-0.40167
-0.838637
-0.300695
0.454171
-0.838637
-0.300695
-0.454171
-0.84908
-0.210046
0.48471
-0.84908
-0.210046
-0.48471
-0.845907
0.191162
0.497895
-0.845907
0.191162
-0.497895
-0.838331
0.292358
0.460139
-0.838331
0.292358
-0.460139
-0.832306
0.386661
0.397191
-0.832306
0.386661
-0.397191
-0.826584
0.474676
0.302393
-0.826584
0.474676
-0.302393
-0.796124
0.592283
0.124047
-0.796124
0.592283
-0.124047
-0.677547
-0.647825
0.348215
-0.677547
-0.647825
-0.348215
-0.726738
-0.516384
0.45299
-0.726738
-0.516384
-0.45299
-0.769246
0.459195
0.444298
-0.769246
0.459195
-0.444298
-0.76369
0.542921
0.349304
-0.76369
0.542921
-0.349304
-0.76662
0.609065
0.203308
-0.76662
0.609065
-0.203308
-0.615845
-0.712269
0.33676
-0.615845
-0.712269
-0.33676
-0.649438
-0.611805
0.45158
-0.649438
-0.611805
-0.45158
-0.718887
0.516374
0.46536
-0.718887
0.516374
-0.46536
-0.725374
0.581716
0.36802
-0.725374
0.581716
-0.36802
-0.739655
0.629553
0.237851
-0.739655
0.629553
-0.237851
-0.783611
-0.581988
0.217358
-0.783611
-0.581988
-0.217358
-0.756345
-0.579004
0.304461
-0.756345
-0.579004
-0.304461
-0.681999
-0.594239
0.42633
-0.681999
-0.594239
-0.42633
-0.676561
0.560095
0.478077
-0.676561
0.560095
-0.478077
-0.690113
0.612972
0.38472
-0.690113
0.612972
-0.38472
-0.712424
0.655934
0.249404
-0.712424
0.655934
-0.249404
-0.71782
-0.679387
0.152209
-0.71782
-0.679387
-0.152209
-0.698286
-0.628469
0.342672
-0.698286
-0.628469
-0.342672
-0.669806
-0.597956
0.440236
-0.669806
-0.597956
-0.440236
-0.629805
0.604322
0.487996
-0.629805
0.604322
-0.487996
-0.641307
0.656384
0.397348
-0.641307
0.656384
-0.397348
-0.652963
0.704795
0.277315
-0.652963
0.704795
-0.277315
-0.541192
-0.821236
0.180786
-0.541192
-0.821236
-0.180786
-0.573864
-0.738484
0.354009
-0.573864
-0.738484
-0.354009
-0.589353
-0.666211
0.456974
-0.589353
-0.666211
-0.456974
-0.56926
0.659624
0.490753
-0.56926
0.659624
-0.490753
-0.570335
0.719575
0.396143
-0.570335
0.719575
-0.396143
-0.559164
0.794549
0.236702
-0.559164
0.794549
-0.236702
-0.436498
-0.857078
0.273653
-0.436498
-0.857078
-0.273653
-0.473352
-0.768169
0.431108
-0.473352
-0.768169
-0.431108
-0.492676
0.728863
0.475426
-0.492676
0.728863
-0.475426
-0.48281
0.797989
0.360705
-0.48281
0.797989
-0.360705
-0.467207
0.857592
0.215066
-0.467207
0.857592
-0.215066
-0.353024
-0.871092
0.341428
-0.353024
-0.871092
-0.341428
-0.397415
-0.78397
0.47692
-0.397415
-0.78397
-0.47692
-0.407259
0.804995
0.43142
-0.407259
0.804995
-0.43142
-0.387134
0.877399
0.283369
-0.387134
0.877399
-0.283369
-0.289584
-0.933325
0.212241
-0.289584
-0.933325
-0.212241
-0.314636
-0.868763
0.382432
-0.314636
-0.868763
-0.382432
-0.339725
0.809689
0.47853
-0.339725
0.809689
-0.47853
-0.320903
0.881192
0.347163
-0.320903
0.881192
-0.347163
-0.276805
-0.92735
0.251797
-0.276805
-0.92735
-0.251797
-0.285146
-0.862993
0.417055
-0.285146
-0.862993
-0.417055
-0.258643
0.88242
0.392986
-0.258643
0.88242
-0.392986
-0.252183
0.944655
0.209837
-0.252183
0.944655
-0.209837
-0.250066
-0.920909
0.298988
-0.250066
-0.920909
-0.298988
-0.25292
-0.858134
0.446808
-0.25292
-0.858134
-0.446808
-0.189088
0.886232
0.422893
-0.189088
0.886232
-0.422893
-0.135955
0.955715
0.261007
-0.135955
0.955715
-0.261007
-0.199023
-0.965643
0.167106
-0.199023
-0.965643
-0.167106
-0.213778
-0.91848
0.332707
-0.213778
-0.91848
-0.332707
-0.218762
-0.854904
0.470407
-0.218762
-0.854904
-0.470407
-0.133927
0.89141
0.432957
-0.133927
0.89141
-0.432957
-0.0498745
0.962876
0.265297
-0.0498745
0.962876
-0.265297
-0.162497
-0.978932
0.123637
-0.162497
-0.978932
-0.123637
-0.184875
-0.915177
0.358152
-0.184875
-0.915177
-0.358152
-0.18693
-0.850188
0.492176
-0.18693
-0.850188
-0.492176
-0.11597
0.892999
0.434861
-0.11597
0.892999
-0.434861
-0.0972575
0.96128
0.257841
-0.0972575
0.96128
-0.257841
-0.177486
-0.964689
0.19461
-0.177486
-0.964689
-0.19461
-0.169371
-0.902221
0.396623
-0.169371
-0.902221
-0.396623
-0.108799
0.88952
0.443753
-0.108799
0.88952
-0.443753
-0.128683
0.950204
0.283817
-0.128683
0.950204
-0.283817
-0.215941
-0.938075
0.270897
-0.215941
-0.938075
-0.270897
-0.148335
-0.888262
0.434727
-0.148335
-0.888262
-0.434727
-0.086555
0.885246
0.456999
-0.086555
0.885246
-0.456999
-0.104385
0.944799
0.310577
-0.104385
0.944799
-0.310577
-0.150277
-0.926448
0.345124
-0.150277
-0.926448
-0.345124
-0.0948222
-0.878891
0.467504
-0.0948222
-0.878891
-0.467504
-0.0515248
0.882979
0.466576
-0.0515248
0.882979
-0.466576
-0.054892
0.944096
0.325069
-0.054892
0.944096
-0.325069
-0.01518
-0.93315
0.359167
-0.01518
-0.93315
-0.359167
-0.0152738
-0.87661
0.48096
-0.0152738
-0.87661
-0.48096
-0.0144994
0.882005
0.471016
-0.0144994
0.882005
-0.471016
-0.0166134
0.944042
0.329407
-0.0166134
0.944042
-0.329407
0.0739216
-0.937739
0.339383
0.0739216
-0.937739
-0.339383
0.0622151
-0.877786
0.474997
0.0622151
-0.877786
-0.474997
0.0220611
0.881435
0.471789
0.0220611
0.881435
-0.471789
0.0143535
0.943809
0.330181
0.0143535
0.943809
-0.330181
0.136832
-0.940316
0.311582
0.136832
-0.940316
-0.311582
0.130541
-0.879461
0.457721
0.130541
-0.879461
-0.457721
0.0616356
0.881071
0.468951
0.0616356
0.881071
-0.468951
0.0491015
0.943403
0.327993
0.0491015
0.943403
-0.327993
0.19798
-0.940587
0.275861
0.19798
-0.940587
-0.275861
0.196591
-0.880518
0.431324
0.196591
-0.880518
-0.431324
0.107073
0.881326
0.460216
0.107073
0.881326
-0.460216
0.101077
0.943072
0.316858
0.101077
0.943072
-0.316858
0.274488
-0.935274
0.223425
0.274488
-0.935274
-0.223425
0.264418
-0.880916
0.392518
0.264418
-0.880916
-0.392518
0.156169
0.882952
0.442728
0.156169
0.882952
-0.442728
0.158711
0.943926
0.289508
0.158711
0.943926
-0.289508
0.346506
-0.923563
0.164209
0.346506
-0.923563
-0.164209
0.324545
-0.884026
0.336405
0.324545
-0.884026
-0.336405
0.303719
-0.829689
0.468371
0.303719
-0.829689
-0.468371
0.203463
0.886868
0.41481
0.203463
0.886868
-0.41481
0.227233
0.945267
0.23417
0.227233
0.945267
-0.23417
0.363272
-0.893319
0.264604
0.363272
-0.893319
-0.264604
0.348687
-0.838235
0.41926
0.348687
-0.838235
-0.41926
0.239636
0.89442
0.377608
0.239636
0.89442
-0.377608
0.267998
0.953865
0.135347
0.267998
0.953865
-0.135347
0.384403
-0.900817
0.201897
0.384403
-0.900817
-0.201897
0.38624
-0.848798
0.361056
0.38624
-0.848798
-0.361056
0.386793
-0.784478
0.484754
0.386793
-0.784478
-0.484754
0.258274
0.839241
0.478508
0.258274
0.839241
-0.478508
0.260954
0.905998
0.333274
0.260954
0.905998
-0.333274
0.427227
-0.857775
0.285831
0.427227
-0.857775
-0.285831
0.433637
-0.790662
0.432218
0.433637
-0.790662
-0.432218
0.28031
0.849001
0.447911
0.28031
0.849001
-0.447911
0.269947
0.921192
0.28024
0.269947
0.921192
-0.28024
0.472453
-0.865037
0.168814
0.472453
-0.865037
-0.168814
0.486045
-0.794104
0.364909
0.486045
-0.794104
-0.364909
0.490948
-0.72866
0.477519
0.490948
-0.72866
-0.477519
0.301885
0.858462
0.414618
0.301885
0.858462
-0.414618
0.273202
0.939311
0.207498
0.273202
0.939311
-0.207498
0.549749
-0.792674
0.263523
0.549749
-0.792674
-0.263523
0.548271
-0.731622
0.405127
0.548271
-0.731622
-0.405127
0.328679
0.86676
0.375096
0.328679
0.86676
-0.375096
0.291436
0.952983
0.0829952
0.291436
0.952983
-0.0829952
0.60618
-0.735046
0.303732
0.60618
-0.735046
-0.303732
0.602614
-0.674998
0.425716
0.602614
-0.674998
-0.425716
0.402251
0.783598
0.473464
0.402251
0.783598
-0.473464
0.364161
0.873781
0.322326
0.364161
0.873781
-0.322326
0.648724
-0.734641
0.198645
0.648724
-0.734641
-0.198645
0.655623
-0.684068
0.319703
0.655623
-0.684068
-0.319703
0.658216
-0.616767
0.431682
0.658216
-0.616767
-0.431682
0.452706
0.78468
0.423479
0.452706
0.78468
-0.423479
0.40888
0.879595
0.243167
0.40888
0.879595
-0.243167
0.719183
-0.686668
0.106124
0.719183
-0.686668
-0.106124
0.718108
-0.619084
0.317893
0.718108
-0.619084
-0.317893
0.716315
-0.557146
0.420097
0.716315
-0.557146
-0.420097
0.71374
-0.493772
0.496754
0.71374
-0.493772
-0.496754
0.558261
0.677078
0.479489
0.558261
0.677078
-0.479489
0.517678
0.782136
0.346804
0.517678
0.782136
-0.346804
0.769155
-0.617829
0.163366
0.769155
-0.617829
-0.163366
0.775214
-0.565042
0.282437
0.775214
-0.565042
-0.282437
0.77168
-0.502781
0.389513
0.77168
-0.502781
-0.389513
0.768807
-0.438188
0.465753
0.768807
-0.438188
-0.465753
0.67399
0.554865
0.487711
0.67399
0.554865
-0.487711
0.637421
0.663297
0.392086
0.637421
0.663297
-0.392086
0.593803
0.770043
0.233304
0.593803
0.770043
-0.233304
0.823429
-0.513807
0.240763
0.823429
-0.513807
-0.240763
0.825025
-0.451152
0.340287
0.825025
-0.451152
-0.340287
0.826867
-0.37864
0.41584
0.826867
-0.37864
-0.41584
0.827736
-0.306201
0.470206
0.827736
-0.306201
-0.470206
0.79089
0.360846
0.49425
0.79089
0.360846
-0.49425
0.78305
0.437571
0.442
0.78305
0.437571
-0.442
0.772151
0.519715
0.365622
0.772151
0.519715
-0.365622
0.739228
0.645945
0.190517
0.739228
0.645945
-0.190517
0.889138
-0.45426
0.0555118
0.889138
-0.45426
-0.0555118
0.889186
-0.38794
0.242592
0.889186
-0.38794
-0.242592
0.89167
-0.311045
0.3289
0.89167
-0.311045
-0.3289
0.89118
-0.242787
0.383214
0.89118
-0.242787
-0.383214
0.891348
-0.169943
0.420259
0.891348
-0.169943
-0.420259
0.891077
-0.0980614
0.443131
0.891077
-0.0980614
-0.443131
0.890047
-0.0282503
0.454993
0.890047
-0.0282503
-0.454993
0.887416
0.038734
0.45934
0.887416
0.038734
-0.45934
0.882938
0.109914
0.456441
0.882938
0.109914
-0.456441
0.8773
0.189692
0.440865
0.8773
0.189692
-0.440865
0.871852
0.272803
0.406759
0.871852
0.272803
-0.406759
0.869581
0.348368
0.349956
0.869581
0.348368
-0.349956
0.867867
0.413301
0.275663
0.867867
0.413301
-0.275663
0.850899
0.475353
0.22363
0.850899
0.475353
-0.22363
0.955083
-0.268892
0.124554
0.955083
-0.268892
-0.124554
0.960722
-0.175998
0.214565
0.960722
-0.175998
-0.214565
0.959524
-0.107138
0.260451
0.959524
-0.107138
-0.260451
0.96029
-0.0323697
0.27712
0.96029
-0.0323697
-0.27712
0.959001
0.0227944
0.282483
0.959001
0.0227944
-0.282483
0.956348
0.0810605
0.280762
0.956348
0.0810605
-0.280762
0.950738
0.172236
0.257744
0.950738
0.172236
-0.257744
0.946082
0.250864
0.204932
0.946082
0.250864
-0.204932
0
0
0
0
