0
0
0
0
0
0
0
0
0
0
0
0
0
0
0
0
0
0
0
0
0
0
0
0
0
0
0
0
0
0
0
0
0
0
0
0
0
0
0
0
0
0
0
0
0
0
0
0
0
0
0
0
0
0
0
0
0
0
0
0
0
0
0
0
0
0
0
0
0
0
0
0
0
0
0
0
0
0
0
0
0
0
0
0
0
0
0
0
0
0
0
0
0
0
0
0
0
0
0
0
0
0
0
0
0
0
0
0
0
0
0
0
0
0
0
0
0
0
0
0
0
0
0
0
0
0
0
0
0
0
0
0
0
0
0
0
0
0
0
0
0
0
0
0
0
0
0
0
0
0
0
0
0
0
0
0
0
0
0
0
0
0
0
0
0
0
0
0
0
0
0
0
0
0
0
0
0
0
0
0
0
0
0
0
0
0
0
0
0
0
0
0
0
0
0
0
0
0
0
0
0
0
0
0
0
0
0
0
0
0
0
0
0
0
0
0
0
0
-0.482324
0.875993
0
-0.509215
0.86064
0
-0.538224
0.842802
0
-0.569313
0.822121
0
-0.607488
0.794329
0
-0.661988
0.749514
0
-0.718615
0.695408
0
-0.774792
0.632216
0
-0.827394
0.561621
0
-0.873405
0.486995
0
-0.910716
0.413032
0
-0.938656
0.344854
0
-0.957934
0.286988
0
-0.970107
0.242678
0
-0.976897
0.213711
0
-0.97967
0.200614
0
-0.979186
0.202963
0
-0.975582
0.219635
0
-0.968515
0.248954
0
-0.957398
0.28877
0
-0.941667
0.336547
0
-0.921023
0.389508
0
-0.895597
0.444866
0
-0.865978
0.500083
0
-0.833123
0.553088
0
0.0151351
-0.999885
0
0.0619694
-0.998078
0
0.0788631
-0.996885
0
0.0699786
-0.997548
0
0.0331501
-0.99945
0
-0.0411234
-0.999154
0
-0.173618
-0.984813
0
-0.398387
-0.917217
0
-0.717859
-0.696189
0
0.97846
-0.206437
0
0.96718
-0.254094
0
0.948836
-0.315768
0
0.918147
-0.39624
0
0.865502
-0.500906
0
0.774366
-0.632738
0
0.621693
-0.783261
0
0.393329
-0.919398
0
0.116933
-0.99314
0
-0.142235
-0.989833
0
-0.340981
-0.94007
0
-0.478349
-0.87817
0
-0.570334
-0.821413
0
-0.632056
-0.774923
0
-0.673905
-0.738818
0
-0.702433
-0.71175
0
-0.721704
-0.692202
0
-0.734266
-0.678861
0
-0.741739
-0.670689
0
-0.745163
-0.666882
0
-0.745207
-0.666833
0
-0.74229
-0.670078
0
-0.736661
-0.676263
0
-0.728439
-0.685111
0
-0.71765
-0.696404
0
-0.704244
-0.709958
0
-0.688105
-0.725611
0
-0.669067
-0.743202
0
-0.646917
-0.762561
0
-0.621405
-0.78349
0
-0.592256
-0.80575
0
-0.559186
-0.829042
0
-0.521916
-0.852997
0
-0.480206
-0.877156
0
-0.433882
-0.90097
0
-0.382877
-0.923799
0
-0.327274
-0.944929
0
-0.26734
-0.963602
0
-0.203557
-0.979063
0
-0.136632
-0.990622
0
-0.0674723
-0.997721
0
0.0429829
-0.999076
0
0.0899562
-0.995946
0
0.137289
-0.990531
0
0.184477
-0.982837
0
0.231006
-0.972952
0
0.276378
-0.961049
0
0.320132
-0.947373
0
0.361867
-0.93223
0
0.401259
-0.915965
0
0.438063
-0.898944
0
0.472117
-0.881536
0
0.503337
-0.86409
0
0.531706
-0.846929
0
0.55726
-0.830338
0
0.580082
-0.814558
0
0.600279
-0.799791
0
0.617983
-0.786192
0
0.633331
-0.773881
0
0.646465
-0.762943
0
0.657524
-0.753434
0
0.666637
-0.745382
0
0.673927
-0.738798
0
0.679504
-0.733672
0
0.683465
-0.729983
0
0.685898
-0.727698
0
0.686877
-0.726774
0
0.686467
-0.727161
0
0.684724
-0.728803
0
0.681693
-0.731638
0
0.677414
-0.735602
0
0.671919
-0.740624
0
0.665238
-0.746631
0
0.657395
-0.753546
0
0.648413
-0.761289
0
0.638313
-0.769777
0
0.627116
-0.778926
0
0.614847
-0.788647
0
0.601529
-0.798851
0
0.587193
-0.809447
0
0.57187
-0.820344
0
0.555597
-0.831452
0
0.538418
-0.842678
0
0.52038
-0.853935
0
0.501538
-0.865136
0
0.481949
-0.876199
0
0.461678
-0.887047
0
0.440795
-0.897608
0
0.419372
-0.907814
0
0.397486
-0.917608
0
0.375215
-0.926938
0
0.352639
-0.935759
0
0.567869
-0.823119
0
0.374424
-0.927258
0
0.209199
-0.977873
0
0.101293
-0.994857
0
0.0655042
-0.997852
0
0.123372
-0.99236
0
0.323682
-0.946166
0
0.686696
-0.726945
0
0.957702
-0.287761
0
0.998392
0.0566918
0
0.784685
0.619895
0
-0.18038
0.983597
0
-0.23443
0.972133
0
-0.169342
0.985557
0
-0.110887
0.993833
0
-0.0614284
0.998111
0
-0.0223563
0.99975
0
0.00586508
0.999983
0
0.0234917
0.999724
0
0.0312636
0.999511
0
0.0302056
0.999544
0
0.0214856
0.999769
0
0.00632147
0.99998
0
-0.0140778
0.999901
0
-0.0385535
0.999257
0
-0.0660264
0.997818
0
-0.0955204
0.995427
0
-0.12618
0.992007
0
-0.15728
0.987554
0
-0.188227
0.982126
0
-0.199914
0.979813
0
-0.193526
0.981095
0
-0.186756
0.982406
0
-0.17954
0.983751
0
-0.17181
0.98513
0
-0.16349
0.986545
0
-0.154491
0.987994
0
-0.144711
0.989474
0
-0.134029
0.990977
0
-0.122303
0.992493
0
-0.109363
0.994002
0
-0.0950034
0.995477
0
-0.0789728
0.996877
0
-0.0609629
0.99814
0
-0.0405905
0.999176
0
-0.0173756
0.999849
0
0.00928893
0.999957
0
0.040176
0.999193
0
0.0762767
0.997087
0
0.118863
0.992911
0
0.169561
0.98552
0
0.230404
0.973095
0
0.303811
0.952732
0
0.392311
0.919833
0
0.497649
0.867378
0
0.11919
0.992871
0
0.11919
0.992871
0
0.11919
0.992871
0
0.11919
0.992871
0
0.119189
0.992872
0
0.119188
0.992872
0
0.272862
0.962053
0
0.351121
0.93633
0
0.392939
0.919564
0
0.419007
0.907983
0
0.436953
0.899484
0
0.450224
0.892916
0
0.460613
0.887601
0
0.469162
0.883112
0
0.476539
0.879153
0
0.483229
0.875494
0
0.489645
0.871922
0
0.496212
0.868202
0
0.50349
0.864001
0
0.512404
0.858745
0
0.52485
0.851195
0
0.520456
0.853888
0
0.401889
0.915688
0
0.282793
0.959181
0
0.168356
0.985726
0
0.0614557
0.99811
0
-0.0379441
0.99928
0
-0.16769
0.98584
0
-0.339029
0.940776
0
-0.388241
0.921558
0
-0.41163
0.911351
0
-0.425548
0.904936
0
-0.435091
0.900387
0
-0.442452
0.896792
0
-0.448922
0.893571
0
-0.455761
0.890102
0
-0.465594
0.884998
0
-0.871025
0.320532
0.372256
-0.871025
0.320532
-0.372256
-0.923154
0.206153
0.32448
-0.923154
0.206153
-0.32448
-0.932029
0.29367
0.212319
-0.932029
0.29367
-0.212319
-0.774023
0.449475
0.445937
-0.774023
0.449475
-0.445937
-0.537413
0.738214
0.40771
-0.537413
0.738214
-0.40771
-0.477892
0.864414
0.156232
-0.477892
0.864414
-0.156232
-0.537215
-0.766179
0.35266
-0.537215
-0.766179
-0.35266
-0.426274
0.79462
0.432283
-0.426274
0.79462
-0.432283
-0.667844
-0.672114
0.319761
-0.667844
-0.672114
-0.319761
-0.414464
0.865082
0.282581
-0.414464
0.865082
-0.282581
-0.689795
-0.645653
0.327589
-0.689795
-0.645653
-0.327589
-0.34018
0.829931
0.442145
-0.34018
0.829931
-0.442145
-0.687931
-0.651822
0.319184
-0.687931
-0.651822
-0.319184
-0.318384
0.923288
0.214872
-0.318384
0.923288
-0.214872
-0.656939
-0.667849
0.34987
-0.656939
-0.667849
-0.34987
0.00724684
0.964557
0.263775
0.00724684
0.964557
-0.263775
-0.629427
-0.708453
0.319244
-0.629427
-0.708453
-0.319244
0.272384
0.953446
0.129416
0.272384
0.953446
-0.129416
-0.604281
-0.769366
0.207173
-0.604281
-0.769366
-0.207173
0.378639
0.820627
0.428023
0.378639
0.820627
-0.428023
-0.48614
-0.723695
0.489831
-0.48614
-0.723695
-0.489831
0.492526
0.850554
0.184326
0.492526
0.850554
-0.184326
-0.445252
-0.80276
0.396645
-0.445252
-0.80276
-0.396645
0.430146
0.82361
0.36965
0.430146
0.82361
-0.36965
-0.383272
-0.884112
0.267297
-0.383272
-0.884112
-0.267297
-0.290385
-0.884693
0.364685
-0.290385
-0.884693
-0.364685
0.416711
0.838152
0.351929
0.416711
0.838152
-0.351929
-0.17965
-0.8658
0.46703
-0.17965
-0.8658
-0.46703
0.346117
0.80523
0.481464
0.346117
0.80523
-0.481464
0.362423
0.877064
0.31529
0.362423
0.877064
-0.31529
0.0152907
-0.967519
0.252336
0.0152907
-0.967519
-0.252336
0.0445738
-0.865837
0.498337
0.0445738
-0.865837
-0.498337
0.224757
0.838065
0.497123
0.224757
0.838065
-0.497123
0.147122
-0.880752
0.450145
0.147122
-0.880752
-0.450145
0.174758
0.866569
0.46746
0.174758
0.866569
-0.46746
0.246521
-0.887792
0.388656
0.246521
-0.887792
-0.388656
0.171272
0.882614
0.437788
0.171272
0.882614
-0.437788
0.349734
-0.890419
0.291273
0.349734
-0.890419
-0.291273
0.266644
0.886082
0.379157
0.266644
0.886082
-0.379157
0.432613
-0.796427
0.422553
0.432613
-0.796427
-0.422553
0.242768
0.943302
0.226372
0.242768
0.943302
-0.226372
0.52733
-0.805371
0.270742
0.52733
-0.805371
-0.270742
0.488081
-0.718475
0.495552
0.488081
-0.718475
-0.495552
0.118655
0.981473
0.15044
0.118655
0.981473
-0.15044
0.572748
-0.740164
0.352301
0.572748
-0.740164
-0.352301
0.598943
-0.692417
0.402276
0.598943
-0.692417
-0.402276
0.662422
-0.724628
0.190029
0.662422
-0.724628
-0.190029
0.609285
-0.658241
0.442143
0.609285
-0.658241
-0.442143
-0.0524648
0.961686
0.269085
-0.0524648
0.961686
-0.269085
0.670972
-0.711704
0.208022
0.670972
-0.711704
-0.208022
0.60577
-0.632871
0.4822
0.60577
-0.632871
-0.4822
-0.0846278
0.967447
0.238504
-0.0846278
0.967447
-0.238504
0.664892
-0.707903
0.238311
0.664892
-0.707903
-0.238311
-0.103116
0.948334
0.300049
-0.103116
0.948334
-0.300049
0.651036
-0.713625
0.258634
0.651036
-0.713625
-0.258634
-0.0992202
0.892109
0.440791
-0.0992202
0.892109
-0.440791
0.622819
-0.717281
0.312417
0.622819
-0.717281
-0.312417
0.571907
-0.687957
0.446807
0.571907
-0.687957
-0.446807
0.542252
-0.767108
0.342795
0.542252
-0.767108
-0.342795
-0.180111
0.942296
0.282204
-0.180111
0.942296
-0.282204
0.48286
-0.733882
0.477769
0.48286
-0.733882
-0.477769
-0.135658
0.876378
0.462125
-0.135658
0.876378
-0.462125
0.427027
-0.775238
0.465461
0.427027
-0.775238
-0.465461
0
0
0
0
